object={
	name="cactus_saguaro_01_high_generator_4_0"
	clamp_to_water_level=no
	render_under_water=no
	generated_content=yes
	layer="tree_high_layer"
	pdxmesh="cactus_saguaro_01_d_mesh"
	count=363
	transform="3182.885498 0.000000 270.543732 0.000000 0.182775 0.000000 0.983155 0.786703 0.786703 0.786703
3121.411865 0.000000 265.059540 0.000000 0.998189 0.000000 -0.060153 0.800613 0.800613 0.800613
3192.077637 0.000000 268.577942 0.000000 0.678647 0.000000 0.734465 0.789621 0.789621 0.789621
2727.739014 0.000000 354.737061 0.000000 0.533588 0.000000 0.845745 0.787317 0.787317 0.787317
2717.859619 0.000000 361.752563 0.000000 0.029548 0.000000 0.999563 0.780607 0.780607 0.780607
2755.995361 0.000000 370.717285 0.000000 0.457636 0.000000 0.889140 0.787529 0.787529 0.787529
2801.921875 0.000000 389.789368 0.000000 0.464161 0.000000 0.885751 0.786309 0.786309 0.786309
2810.434082 0.000000 401.279358 0.000000 0.423524 0.000000 -0.905885 0.813583 0.813583 0.813583
3000.881592 0.000000 324.691040 0.000000 0.999878 0.000000 -0.015588 0.800168 0.800168 0.800168
3015.547363 0.000000 311.102386 0.000000 0.735799 0.000000 -0.677199 0.808024 0.808024 0.808024
3011.954834 0.000000 319.952148 0.000000 0.022124 0.000000 0.999755 0.780514 0.780514 0.780514
2916.889404 0.000000 392.675415 0.000000 0.940381 0.000000 -0.340122 0.803951 0.803951 0.803951
2926.085449 0.000000 397.506714 0.000000 0.246282 0.000000 -0.969198 0.816634 0.816634 0.816634
3010.415771 0.000000 359.672272 0.000000 0.836431 0.000000 0.548073 0.783665 0.783665 0.783665
2964.402344 0.000000 345.743439 0.000000 0.198179 0.000000 0.980166 0.782746 0.782746 0.782746
3000.881592 0.000000 392.675415 0.000000 0.869652 0.000000 0.493665 0.788245 0.788245 0.788245
2996.786621 0.000000 373.348511 0.000000 0.964049 0.000000 0.265726 0.798388 0.798388 0.798388
2982.232178 0.000000 391.081482 0.000000 0.487375 0.000000 -0.873193 0.826718 0.826718 0.826718
3015.547363 0.000000 379.086761 0.000000 0.981710 0.000000 -0.190382 0.817904 0.817904 0.817904
2953.427490 0.000000 401.028290 0.000000 0.300927 0.000000 0.953647 0.789388 0.789388 0.789388
3019.137939 0.000000 393.728119 0.000000 0.936068 0.000000 -0.351818 0.825418 0.825418 0.825418
2954.218750 0.000000 352.789062 0.000000 0.669443 0.000000 -0.742864 0.810536 0.810536 0.810536
3004.512695 0.000000 382.064911 0.000000 0.608073 0.000000 0.793881 0.731857 0.731857 0.731857
2986.208984 0.000000 365.600555 0.000000 0.694495 0.000000 0.719497 0.786527 0.786527 0.786527
2978.418457 0.000000 401.279358 0.000000 0.497370 0.000000 -0.867539 0.822024 0.822024 0.822024
2975.657715 0.000000 381.784363 0.000000 0.511859 0.000000 0.859070 0.777708 0.777708 0.777708
3010.077637 0.000000 397.506714 0.000000 0.505186 0.000000 0.863011 0.736990 0.736990 0.736990
2962.899658 0.000000 355.713348 0.000000 0.973361 0.000000 0.229276 0.796535 0.796535 0.796535
3011.954834 0.000000 387.936523 0.000000 0.082853 0.000000 0.996562 0.689457 0.689457 0.689457
2952.975098 0.000000 391.053894 0.000000 0.303425 0.000000 0.952855 0.780332 0.780332 0.780332
3023.500732 0.000000 382.677612 0.000000 0.999994 0.000000 -0.003455 0.800108 0.800108 0.800108
2984.380615 0.000000 345.228821 0.000000 0.650712 0.000000 -0.759325 0.817050 0.817050 0.817050
2975.532715 0.000000 394.496887 0.000000 0.824601 0.000000 -0.565715 0.812250 0.812250 0.812250
2984.688232 0.000000 397.567108 0.000000 0.606483 0.000000 -0.795096 0.826436 0.826436 0.826436
3009.311768 0.000000 377.143341 0.000000 0.872577 0.000000 -0.488476 0.828132 0.828132 0.828132
2997.537109 0.000000 387.208923 0.000000 0.412496 0.000000 0.910960 0.770484 0.770484 0.770484
3018.281006 0.000000 386.642120 0.000000 0.499576 0.000000 0.866270 0.766102 0.766102 0.766102
3005.921875 0.000000 389.012909 0.000000 0.921453 0.000000 0.388490 0.774898 0.774898 0.774898
3010.531006 0.000000 382.426392 0.000000 0.804690 0.000000 0.593695 0.736016 0.736016 0.736016
3013.272217 0.000000 393.108826 0.000000 0.891536 0.000000 0.452950 0.773525 0.773525 0.773525
3002.173828 0.000000 386.142792 0.000000 0.884821 0.000000 -0.465930 0.843561 0.843561 0.843561
3018.981201 0.000000 382.244354 0.000000 0.424600 0.000000 -0.905381 0.884803 0.884803 0.884803
3014.814453 0.000000 383.848999 0.000000 0.820673 0.000000 0.571398 0.739142 0.739142 0.739142
3017.772217 0.000000 397.916260 0.000000 0.291709 0.000000 -0.956507 0.873326 0.873326 0.873326
3007.371582 0.000000 385.232056 0.000000 0.867540 0.000000 0.497367 0.754150 0.754150 0.754150
2717.859619 0.000000 429.736938 0.000000 0.744531 0.000000 -0.667588 0.809197 0.809197 0.809197
2710.923096 0.000000 423.697723 0.000000 0.080883 0.000000 0.996724 0.782147 0.782147 0.782147
2773.277588 0.000000 442.166931 0.000000 0.982465 0.000000 0.186448 0.798427 0.798427 0.798427
2811.731201 0.000000 422.721436 0.000000 0.588364 0.000000 -0.808596 0.803950 0.803950 0.803950
2821.988281 0.000000 419.142761 0.000000 0.876919 0.000000 -0.480638 0.805407 0.805407 0.805407
2773.873291 0.000000 484.779358 0.000000 0.856563 0.000000 0.516042 0.794152 0.794152 0.794152
2851.153564 0.000000 529.696899 0.000000 0.168277 0.000000 0.985740 0.773964 0.773964 0.773964
2836.528320 0.000000 518.033691 0.000000 0.792106 0.000000 -0.610384 0.809441 0.809441 0.809441
2841.327393 0.000000 513.112061 0.000000 0.935687 0.000000 0.352832 0.789629 0.789629 0.789629
2883.252930 0.000000 470.643799 0.000000 0.295796 0.000000 0.955251 0.791626 0.791626 0.791626
2895.723389 0.000000 422.721436 0.000000 0.472505 0.000000 0.881328 0.749588 0.749588 0.749588
2885.914062 0.000000 457.773743 0.000000 0.224282 0.000000 -0.974524 0.837865 0.837865 0.837865
2902.305908 0.000000 426.248932 0.000000 0.601940 0.000000 -0.798541 0.817179 0.817179 0.817179
2885.083984 0.000000 464.203094 0.000000 0.598963 0.000000 0.800777 0.773850 0.773850 0.773850
2889.080811 0.000000 473.290710 0.000000 0.960345 0.000000 -0.278814 0.806772 0.806772 0.806772
2898.446533 0.000000 425.941071 0.000000 0.092065 0.000000 -0.995753 0.897453 0.897453 0.897453
3010.415771 0.000000 427.656647 0.000000 0.999017 0.000000 0.044334 0.799787 0.799787 0.799787
3000.881592 0.000000 460.659790 0.000000 0.551513 0.000000 -0.834166 0.812414 0.812414 0.812414
2958.691650 0.000000 452.436768 0.000000 0.999306 0.000000 0.037249 0.799531 0.799531 0.799531
2990.484375 0.000000 471.407196 0.000000 0.343561 0.000000 -0.939130 0.832897 0.832897 0.832897
3019.137939 0.000000 461.712494 0.000000 0.527122 0.000000 -0.849789 0.812779 0.812779 0.812779
2969.906250 0.000000 457.773743 0.000000 0.332925 0.000000 0.942953 0.784506 0.784506 0.784506
2969.836182 0.000000 429.736938 0.000000 0.603229 0.000000 -0.797568 0.821021 0.821021 0.821021
3004.512695 0.000000 450.049286 0.000000 0.193906 0.000000 0.981020 0.783515 0.783515 0.783515
2986.208984 0.000000 433.584930 0.000000 0.948999 0.000000 0.315279 0.792889 0.792889 0.792889
2961.145752 0.000000 462.451660 0.000000 0.698165 0.000000 -0.715937 0.809562 0.809562 0.809562
2962.899658 0.000000 423.697723 0.000000 0.938326 0.000000 -0.345752 0.808038 0.808038 0.808038
2984.688232 0.000000 465.551483 0.000000 0.586796 0.000000 -0.809735 0.818659 0.818659 0.818659
2857.269775 0.000000 510.151306 0.000000 0.983149 0.000000 -0.182806 0.800661 0.800661 0.800661
2893.450195 0.000000 508.210876 0.000000 0.712857 0.000000 -0.701309 0.809314 0.809314 0.809314
2857.865479 0.000000 484.779358 0.000000 0.999764 0.000000 0.021728 0.799792 0.799792 0.799792
2874.699463 0.000000 520.421143 0.000000 0.907122 0.000000 -0.420867 0.805987 0.805987 0.805987
2860.406250 0.000000 525.991089 0.000000 0.963239 0.000000 -0.268644 0.801956 0.801956 0.801956
2918.753418 0.000000 484.330902 0.000000 0.978566 0.000000 -0.205931 0.802610 0.802610 0.802610
2870.226562 0.000000 488.757812 0.000000 0.643378 0.000000 0.765548 0.792164 0.792164 0.792164
2886.037354 0.000000 476.429352 0.000000 0.180271 0.000000 -0.983617 0.830805 0.830805 0.830805
2856.014893 0.000000 530.724060 0.000000 0.758801 0.000000 0.651322 0.781300 0.781300 0.781300
2878.688477 0.000000 517.553894 0.000000 0.015390 0.000000 -0.999882 0.909971 0.909971 0.909971
2964.402344 0.000000 481.712189 0.000000 0.413616 0.000000 -0.910451 0.856911 0.856911 0.856911
3000.881592 0.000000 528.644165 0.000000 1.000000 0.000000 0.000229 0.799997 0.799997 0.799997
2941.857666 0.000000 484.779358 0.000000 0.077727 0.000000 -0.996975 0.814313 0.814313 0.814313
3014.901123 0.000000 542.481201 0.000000 0.331292 0.000000 0.943528 0.782268 0.782268 0.782268
2995.440674 0.000000 495.381775 0.000000 0.869849 0.000000 0.493319 0.793509 0.793509 0.793509
2969.836182 0.000000 497.721313 0.000000 0.674986 0.000000 0.737830 0.763703 0.763703 0.763703
3004.512695 0.000000 518.033691 0.000000 0.321606 0.000000 0.946874 0.779885 0.779885 0.779885
2962.899658 0.000000 491.682098 0.000000 0.550749 0.000000 0.834671 0.766865 0.766865 0.766865
2991.039795 0.000000 530.180786 0.000000 0.752624 0.000000 -0.658450 0.812920 0.812920 0.812920
2972.029541 0.000000 486.384155 0.000000 0.845469 0.000000 -0.534024 0.810126 0.810126 0.810126
3002.784668 0.000000 499.923767 0.000000 0.877667 0.000000 -0.479270 0.810182 0.810182 0.810182
3002.839111 0.000000 492.106598 0.000000 0.466613 0.000000 0.884461 0.774638 0.774638 0.774638
2973.826172 0.000000 493.003967 0.000000 0.137778 0.000000 0.990463 0.739056 0.739056 0.739056
2966.399902 0.000000 486.998962 0.000000 0.657991 0.000000 0.753026 0.757597 0.757597 0.757597
2968.152588 0.000000 492.439941 0.000000 0.898965 0.000000 0.438021 0.779625 0.779625 0.779625
2961.161377 0.000000 486.497070 0.000000 0.598860 0.000000 0.800854 0.754927 0.754927 0.754927
2969.144287 0.000000 482.520966 0.000000 0.914547 0.000000 -0.404480 0.817715 0.817715 0.817715
3094.407959 0.000000 291.687897 0.000000 0.699335 0.000000 0.714794 0.798569 0.798569 0.798569
3079.432861 0.000000 291.428650 0.000000 0.963291 0.000000 0.268461 0.796580 0.796580 0.796580
3042.172119 0.000000 364.588959 0.000000 0.021793 0.000000 -0.999762 0.817634 0.817634 0.817634
3028.390625 0.000000 390.022308 0.000000 0.403040 0.000000 -0.915182 0.809004 0.809004 0.809004
3053.898438 0.000000 389.789368 0.000000 0.765118 0.000000 0.643890 0.794970 0.794970 0.794970
3023.999268 0.000000 394.755310 0.000000 0.262807 0.000000 -0.964849 0.847692 0.847692 0.847692
3135.229492 0.000000 402.659424 0.000000 0.425376 0.000000 0.905017 0.795933 0.795933 0.795933
3164.770996 0.000000 373.348511 0.000000 0.526677 0.000000 0.850066 0.794521 0.794521 0.794521
3150.216553 0.000000 391.081482 0.000000 0.712194 0.000000 -0.701983 0.815387 0.815387 0.815387
3158.468750 0.000000 403.422821 0.000000 0.471533 0.000000 -0.881849 0.818762 0.818762 0.818762
3143.642090 0.000000 381.784363 0.000000 0.351391 0.000000 -0.936229 0.829042 0.829042 0.829042
3151.316895 0.000000 383.339355 0.000000 0.754693 0.000000 0.656079 0.783707 0.783707 0.783707
3148.497070 0.000000 377.787598 0.000000 0.496773 0.000000 -0.867880 0.826447 0.826447 0.826447
3280.367188 0.000000 322.037933 0.000000 0.961588 0.000000 0.274498 0.792003 0.792003 0.792003
3288.943848 0.000000 323.069519 0.000000 0.290446 0.000000 -0.956891 0.819880 0.819880 0.819880
3281.202393 0.000000 330.122223 0.000000 0.626480 0.000000 -0.779437 0.818208 0.818208 0.818208
3262.392334 0.000000 359.672272 0.000000 0.950431 0.000000 -0.310935 0.800379 0.800379 0.800379
3252.858154 0.000000 392.675415 0.000000 0.882712 0.000000 0.469914 0.791793 0.791793 0.791793
3192.077637 0.000000 404.546692 0.000000 0.795257 0.000000 0.606272 0.793756 0.793756 0.793756
3210.156494 0.000000 364.588959 0.000000 0.500451 0.000000 0.865765 0.774287 0.774287 0.774287
3196.375000 0.000000 390.022308 0.000000 0.063606 0.000000 -0.997975 0.825285 0.825285 0.825285
3256.489258 0.000000 382.064911 0.000000 0.351485 0.000000 0.936194 0.787658 0.787658 0.787658
3227.634277 0.000000 381.784363 0.000000 0.458143 0.000000 0.888878 0.783599 0.783599 0.783599
3204.951660 0.000000 391.053894 0.000000 0.804987 0.000000 0.593293 0.786680 0.786680 0.786680
3204.476807 0.000000 359.687317 0.000000 0.453827 0.000000 -0.891090 0.830311 0.830311 0.830311
3215.950928 0.000000 367.731995 0.000000 0.902208 0.000000 -0.431302 0.810421 0.810421 0.810421
3268.858643 0.000000 360.232117 0.000000 0.694774 0.000000 0.719228 0.775953 0.775953 0.775953
3336.850342 0.000000 392.675415 0.000000 0.706483 0.000000 -0.707730 0.808480 0.808480 0.808480
3313.411133 0.000000 372.242126 0.000000 0.987845 0.000000 0.155445 0.794763 0.794763 0.794763
3350.869873 0.000000 406.512482 0.000000 0.996565 0.000000 0.082820 0.799354 0.799354 0.799354
3315.684326 0.000000 354.737061 0.000000 0.068144 0.000000 -0.997675 0.842315 0.842315 0.842315
3305.804932 0.000000 361.752563 0.000000 0.785600 0.000000 0.618735 0.793205 0.793205 0.793205
3340.481445 0.000000 382.064911 0.000000 0.605321 0.000000 0.795982 0.761387 0.761387 0.761387
3347.923584 0.000000 387.936523 0.000000 0.074320 0.000000 0.997234 0.759653 0.759653 0.759653
3313.076660 0.000000 363.831085 0.000000 0.966909 0.000000 -0.255120 0.820094 0.820094 0.820094
3309.794922 0.000000 357.035217 0.000000 0.505827 0.000000 0.862635 0.761348 0.761348 0.761348
3341.890625 0.000000 389.012909 0.000000 0.731300 0.000000 0.682056 0.767170 0.767170 0.767170
3316.698730 0.000000 366.989502 0.000000 0.907799 0.000000 0.419406 0.778217 0.778217 0.778217
3310.768066 0.000000 367.928467 0.000000 0.997965 0.000000 -0.063759 0.803861 0.803861 0.803861
3313.954346 0.000000 359.300446 0.000000 0.606973 0.000000 -0.794722 0.852835 0.852835 0.852835
3084.873779 0.000000 460.659790 0.000000 0.970359 0.000000 -0.241670 0.802486 0.802486 0.802486
3061.434570 0.000000 440.226501 0.000000 0.842819 0.000000 -0.538197 0.806470 0.806470 0.806470
3024.093262 0.000000 472.531067 0.000000 0.044199 0.000000 0.999023 0.780792 0.780792 0.780792
3098.893311 0.000000 474.496857 0.000000 0.964330 0.000000 -0.264702 0.801926 0.801926 0.801926
3042.172119 0.000000 432.573334 0.000000 0.846569 0.000000 0.532278 0.783521 0.783521 0.783521
3063.707764 0.000000 422.721436 0.000000 0.806985 0.000000 0.590572 0.790537 0.790537 0.790537
3099.539551 0.000000 447.071136 0.000000 0.999996 0.000000 -0.002697 0.800026 0.800026 0.800026
3028.390625 0.000000 458.006683 0.000000 0.524349 0.000000 0.851503 0.791454 0.791454 0.791454
3074.476562 0.000000 471.407196 0.000000 0.117827 0.000000 0.993034 0.781721 0.781721 0.781721
3103.130127 0.000000 461.712494 0.000000 0.668906 0.000000 0.743347 0.778408 0.778408 0.778408
3053.828369 0.000000 429.736938 0.000000 0.002351 0.000000 -0.999997 1.018966 1.018966 1.018966
3088.504883 0.000000 450.049286 0.000000 0.968147 0.000000 0.250381 0.795754 0.795754 0.795754
3062.410645 0.000000 469.263733 0.000000 0.685899 0.000000 -0.727696 0.808789 0.808789 0.808789
3059.649902 0.000000 449.768738 0.000000 0.509526 0.000000 0.860455 0.788204 0.788204 0.788204
3094.069824 0.000000 465.491089 0.000000 0.499280 0.000000 0.866441 0.767975 0.767975 0.767975
3095.947021 0.000000 455.920898 0.000000 0.899032 0.000000 -0.437883 0.810591 0.810591 0.810591
3075.031982 0.000000 462.196411 0.000000 0.494541 0.000000 0.869155 0.775382 0.775382 0.775382
3056.021729 0.000000 418.399780 0.000000 0.715628 0.000000 -0.698481 0.812046 0.812046 0.812046
3103.947021 0.000000 469.558533 0.000000 0.907381 0.000000 0.420309 0.786745 0.786745 0.786745
3047.966553 0.000000 435.716370 0.000000 0.870718 0.000000 -0.491783 0.815403 0.815403 0.815403
3057.818359 0.000000 425.019592 0.000000 0.999610 0.000000 -0.027919 0.803028 0.803028 0.803028
3088.138672 0.000000 465.618896 0.000000 0.577109 0.000000 0.816667 0.773089 0.773089 0.773089
3052.144775 0.000000 424.455566 0.000000 0.974974 0.000000 0.222317 0.790597 0.790597 0.790597
3051.932129 0.000000 433.662598 0.000000 0.965911 0.000000 0.258873 0.783683 0.783683 0.783683
3135.229492 0.000000 470.643799 0.000000 0.105847 0.000000 0.994382 0.782447 0.782447 0.782447
3132.386719 0.000000 413.727814 0.000000 0.360428 0.000000 0.932787 0.794958 0.794958 0.794958
3108.085449 0.000000 472.531067 0.000000 0.656869 0.000000 0.754005 0.777482 0.777482 0.777482
3109.842041 0.000000 416.794983 0.000000 0.999974 0.000000 0.007190 0.799966 0.799966 0.799966
3150.216553 0.000000 459.065857 0.000000 0.688703 0.000000 0.725043 0.789794 0.789794 0.789794
3112.382812 0.000000 458.006683 0.000000 0.947836 0.000000 0.318757 0.793974 0.793974 0.793974
3158.468750 0.000000 471.407196 0.000000 0.135731 0.000000 0.990746 0.789685 0.789685 0.789685
3187.122314 0.000000 461.712494 0.000000 0.609848 0.000000 -0.792518 0.809868 0.809868 0.809868
3137.890625 0.000000 457.773743 0.000000 0.844523 0.000000 0.535520 0.794244 0.794244 0.794244
3172.497070 0.000000 450.049286 0.000000 0.760499 0.000000 0.649340 0.792801 0.792801 0.792801
3175.956299 0.000000 438.701660 0.000000 0.996128 0.000000 -0.087909 0.801108 0.801108 0.801108
3187.270264 0.000000 436.476807 0.000000 0.204980 0.000000 0.978766 0.782833 0.782833 0.782833
3146.402832 0.000000 469.263733 0.000000 0.677493 0.000000 0.735529 0.787620 0.787620 0.787620
3143.642090 0.000000 449.768738 0.000000 0.509877 0.000000 0.860247 0.788209 0.788209 0.788209
3178.062012 0.000000 465.491089 0.000000 0.529260 0.000000 0.848459 0.773292 0.773292 0.773292
3120.959473 0.000000 459.038269 0.000000 0.340506 0.000000 -0.940242 0.829320 0.829320 0.829320
3113.218018 0.000000 466.090973 0.000000 0.119371 0.000000 -0.992850 0.844344 0.844344 0.844344
3128.940186 0.000000 475.863678 0.000000 0.294556 0.000000 0.955634 0.774853 0.774853 0.774853
3164.971924 0.000000 467.084290 0.000000 0.910352 0.000000 0.413834 0.789263 0.789263 0.789263
3115.424072 0.000000 472.497162 0.000000 0.831877 0.000000 -0.554960 0.814453 0.814453 0.814453
3118.351562 0.000000 454.097107 0.000000 0.587073 0.000000 -0.809534 0.842958 0.842958 0.842958
3116.546387 0.000000 459.941711 0.000000 0.908231 0.000000 -0.418469 0.820437 0.820437 0.820437
3051.237305 0.000000 538.628174 0.000000 0.974518 0.000000 0.224310 0.793900 0.793900 0.793900
3076.121094 0.000000 477.049011 0.000000 0.759027 0.000000 0.651059 0.795752 0.795752 0.795752
3080.778809 0.000000 509.317261 0.000000 0.735094 0.000000 0.677965 0.792412 0.792412 0.792412
3066.224365 0.000000 527.050232 0.000000 0.986746 0.000000 0.162273 0.798340 0.798340 0.798340
3099.539551 0.000000 515.055542 0.000000 0.634623 0.000000 -0.772822 0.817994 0.817994 0.817994
3028.390625 0.000000 525.991089 0.000000 0.125869 0.000000 0.992047 0.790479 0.790479 0.790479
3061.450928 0.000000 476.832733 0.000000 0.993956 0.000000 -0.109776 0.801252 0.801252 0.801252
3044.947998 0.000000 543.848083 0.000000 0.970456 0.000000 -0.241277 0.807008 0.807008 0.807008
3178.400146 0.000000 495.641022 0.000000 0.524441 0.000000 0.851447 0.787792 0.787792 0.787792
3132.386719 0.000000 481.712189 0.000000 0.148439 0.000000 0.988922 0.794037 0.794037 0.794037
3109.246338 0.000000 510.151306 0.000000 0.919433 0.000000 -0.393247 0.801695 0.801695 0.801695
3168.865967 0.000000 528.644165 0.000000 1.000000 0.000000 -0.000536 0.800005 0.800005 0.800005
3145.426758 0.000000 508.210876 0.000000 0.570231 0.000000 0.821484 0.794802 0.794802 0.794802
3126.676025 0.000000 520.421143 0.000000 0.995707 0.000000 -0.092559 0.802666 0.802666 0.802666
3126.164307 0.000000 500.557709 0.000000 0.124939 0.000000 -0.992164 0.814724 0.814724 0.814724
3163.425049 0.000000 495.381775 0.000000 0.995521 0.000000 -0.094536 0.801645 0.801645 0.801645
3145.443115 0.000000 476.832733 0.000000 0.887447 0.000000 -0.460909 0.806027 0.806027 0.806027
3187.122314 0.000000 529.696899 0.000000 0.853097 0.000000 0.521752 0.791778 0.791778 0.791778
3120.648438 0.000000 476.866913 0.000000 0.123733 0.000000 0.992316 0.766193 0.766193 0.766193
3188.010010 0.000000 488.325806 0.000000 0.987732 0.000000 -0.156160 0.801879 0.801879 0.801879
3172.497070 0.000000 518.033691 0.000000 0.999080 0.000000 -0.042896 0.800463 0.800463 0.800463
3129.130127 0.000000 530.436035 0.000000 0.871572 0.000000 -0.490268 0.822719 0.822719 0.822719
3143.642090 0.000000 517.753113 0.000000 0.241095 0.000000 -0.970501 0.828630 0.828630 0.828630
3178.062012 0.000000 533.475464 0.000000 0.091336 0.000000 0.995820 0.776068 0.776068 0.776068
3130.884033 0.000000 491.682098 0.000000 0.336688 0.000000 0.941616 0.785292 0.785292 0.785292
3125.553711 0.000000 482.725739 0.000000 0.999636 0.000000 0.026967 0.799224 0.799224 0.799224
3132.011963 0.000000 523.640320 0.000000 0.063485 0.000000 -0.997983 0.867733 0.867733 0.867733
3126.311035 0.000000 525.884644 0.000000 0.748303 0.000000 -0.663357 0.841285 0.841285 0.841285
3219.221680 0.000000 470.643799 0.000000 0.585189 0.000000 -0.810897 0.822098 0.822098 0.822098
3252.858154 0.000000 460.659790 0.000000 0.838969 0.000000 -0.544179 0.814825 0.814825 0.814825
3192.077637 0.000000 472.531067 0.000000 0.957894 0.000000 0.287124 0.798953 0.798953 0.798953
3210.668213 0.000000 452.436768 0.000000 0.965113 0.000000 0.261835 0.796984 0.796984 0.796984
3196.375000 0.000000 458.006683 0.000000 0.899824 0.000000 -0.436253 0.805139 0.805139 0.805139
3242.460938 0.000000 471.407196 0.000000 0.240740 0.000000 -0.970590 0.808751 0.808751 0.808751
3238.185547 0.000000 433.584930 0.000000 0.096647 0.000000 -0.995319 0.817664 0.817664 0.817664
3241.949219 0.000000 419.142761 0.000000 0.973928 0.000000 0.226857 0.797669 0.797669 0.797669
3213.122314 0.000000 462.451660 0.000000 0.967536 0.000000 -0.252734 0.804287 0.804287 0.804287
3263.931396 0.000000 455.920898 0.000000 0.999284 0.000000 -0.037833 0.801020 0.801020 0.801020
3199.232178 0.000000 449.681885 0.000000 0.409456 0.000000 -0.912330 0.814457 0.814457 0.814457
3248.964111 0.000000 467.084290 0.000000 0.397568 0.000000 -0.917573 0.832721 0.832721 0.832721
3216.004150 0.000000 455.655945 0.000000 0.297086 0.000000 0.954851 0.768061 0.768061 0.768061
3303.213867 0.000000 470.643799 0.000000 0.990380 0.000000 -0.138371 0.801248 0.801248 0.801248
3277.230713 0.000000 442.166931 0.000000 0.210695 0.000000 0.977552 0.777209 0.777209 0.777209
3332.755371 0.000000 441.332886 0.000000 0.867342 0.000000 -0.497712 0.804682 0.804682 0.804682
3315.684326 0.000000 422.721436 0.000000 0.955258 0.000000 -0.295775 0.807376 0.807376 0.807376
3351.516113 0.000000 447.071136 0.000000 0.639849 0.000000 -0.768501 0.805252 0.805252 0.805252
3338.714355 0.000000 416.346527 0.000000 0.784768 0.000000 0.619789 0.794793 0.794793 0.794793
3355.994385 0.000000 420.341431 0.000000 0.969882 0.000000 0.243574 0.798231 0.798231 0.798231
3305.804932 0.000000 429.736938 0.000000 0.631386 0.000000 0.775469 0.764373 0.764373 0.764373
3300.671875 0.000000 442.706085 0.000000 0.860922 0.000000 -0.508738 0.808315 0.808315 0.808315
3355.254639 0.000000 436.476807 0.000000 0.935860 0.000000 -0.352373 0.804315 0.804315 0.804315
3322.504395 0.000000 443.961700 0.000000 0.065321 0.000000 0.997864 0.781058 0.781058 0.781058
3283.224365 0.000000 449.681885 0.000000 0.995476 0.000000 -0.095009 0.801140 0.801140 0.801140
3347.384766 0.000000 418.573792 0.000000 0.547231 0.000000 -0.836982 0.812479 0.812479 0.812479
3307.998291 0.000000 418.399780 0.000000 0.049809 0.000000 0.998759 0.772660 0.772660 0.772660
3281.202393 0.000000 466.090973 0.000000 0.335288 0.000000 -0.942116 0.835343 0.835343 0.835343
3313.076660 0.000000 431.815460 0.000000 0.998024 0.000000 -0.062841 0.801319 0.801319 0.801319
3306.343262 0.000000 437.627258 0.000000 0.962769 0.000000 0.270327 0.786059 0.786059 0.786059
3309.794922 0.000000 425.019592 0.000000 0.830028 0.000000 0.557722 0.784757 0.784757 0.784757
3310.768066 0.000000 435.912842 0.000000 0.524873 0.000000 0.851180 0.756683 0.756683 0.756683
3219.221680 0.000000 538.628174 0.000000 0.553968 0.000000 0.832538 0.796464 0.796464 0.796464
3193.238525 0.000000 510.151306 0.000000 0.349690 0.000000 0.936865 0.792002 0.792002 0.792002
3193.834229 0.000000 484.779358 0.000000 0.999016 0.000000 -0.044362 0.800505 0.800505 0.800505
3247.417236 0.000000 495.381775 0.000000 0.480580 0.000000 -0.876951 0.830759 0.830759 0.830759
3242.460938 0.000000 539.391541 0.000000 0.614440 0.000000 0.788963 0.788016 0.788016 0.788016
3259.948486 0.000000 506.686035 0.000000 0.467504 0.000000 -0.883991 0.810395 0.810395 0.810395
3263.392578 0.000000 486.558167 0.000000 0.224086 0.000000 -0.974569 0.837871 0.837871 0.837871
3236.357178 0.000000 481.197571 0.000000 0.142526 0.000000 -0.989791 0.822243 0.822243 0.822243
3196.708252 0.000000 477.225830 0.000000 0.594155 0.000000 0.804350 0.784321 0.784321 0.784321
3303.213867 0.000000 538.628174 0.000000 0.925940 0.000000 -0.377671 0.802785 0.802785 0.802785
3277.826416 0.000000 484.779358 0.000000 0.942710 0.000000 -0.333613 0.803465 0.803465 0.803465
3288.632812 0.000000 476.866913 0.000000 0.355081 0.000000 -0.934835 0.815197 0.815197 0.815197
3420.842529 0.000000 392.675415 0.000000 0.107828 0.000000 0.994170 0.784224 0.784224 0.784224
3410.445312 0.000000 403.422821 0.000000 0.956617 0.000000 0.291350 0.796457 0.796457 0.796457
3373.388428 0.000000 401.028290 0.000000 0.075933 0.000000 0.997113 0.781192 0.781192 0.781192
3365.632568 0.000000 361.625244 0.000000 0.997812 0.000000 0.066121 0.799247 0.799247 0.799247
3374.179688 0.000000 352.789062 0.000000 0.998467 0.000000 -0.055350 0.800697 0.800697 0.800697
3384.664062 0.000000 374.721710 0.000000 0.417746 0.000000 -0.908564 0.810244 0.810244 0.810244
3424.473633 0.000000 382.064911 0.000000 0.361913 0.000000 0.932212 0.788491 0.788491 0.788491
3500.739746 0.000000 373.348511 0.000000 0.608779 0.000000 0.793340 0.796706 0.796706 0.796706
3483.668701 0.000000 354.737061 0.000000 0.085965 0.000000 0.996298 0.772422 0.772422 0.772422
3519.500488 0.000000 379.086761 0.000000 0.646185 0.000000 -0.763181 0.813005 0.813005 0.813005
3448.351562 0.000000 390.022308 0.000000 0.025232 0.000000 -0.999682 0.810187 0.810187 0.810187
3494.437500 0.000000 403.422821 0.000000 0.985892 0.000000 0.167385 0.798287 0.798287 0.798287
3508.465820 0.000000 382.064911 0.000000 0.215524 0.000000 -0.976498 0.852716 0.852716 0.852716
3511.925049 0.000000 370.717285 0.000000 0.611223 0.000000 -0.791459 0.820792 0.820792 0.820792
3517.004395 0.000000 365.974091 0.000000 0.979580 0.000000 -0.201053 0.805579 0.805579 0.805579
3513.264893 0.000000 377.143341 0.000000 0.891032 0.000000 -0.453941 0.813834 0.813834 0.813834
3506.954346 0.000000 375.589966 0.000000 0.912141 0.000000 0.409877 0.787854 0.787854 0.787854
3430.376709 0.000000 427.656647 0.000000 0.985424 0.000000 -0.170116 0.801946 0.801946 0.801946
3361.818604 0.000000 416.794983 0.000000 0.657196 0.000000 -0.753720 0.810230 0.810230 0.810230
3415.401611 0.000000 427.397400 0.000000 0.647030 0.000000 0.762465 0.790129 0.790129 0.790129
3439.098877 0.000000 461.712494 0.000000 0.485927 0.000000 -0.873999 0.813380 0.813380 0.813380
3496.082031 0.000000 409.064636 0.000000 0.183058 0.000000 -0.983102 0.817448 0.817448 0.817448
3462.133057 0.000000 432.573334 0.000000 0.852289 0.000000 0.523071 0.797032 0.797032 0.797032
3456.617188 0.000000 408.882538 0.000000 0.786307 0.000000 0.617836 0.794014 0.794014 0.794014
3020.025635 0.000000 556.310181 0.000000 0.541561 0.000000 0.840662 0.777266 0.777266 0.777266
3023.209473 0.000000 564.081238 0.000000 0.312396 0.000000 0.949952 0.763961 0.763961 0.763961
3016.882080 0.000000 564.185242 0.000000 0.832630 0.000000 -0.553830 0.816529 0.816529 0.816529
3048.394531 0.000000 549.696533 0.000000 0.300644 0.000000 0.953736 0.765881 0.765881 0.765881
3066.224365 0.000000 595.034607 0.000000 0.179489 0.000000 0.983760 0.788337 0.788337 0.788337
3079.432861 0.000000 563.366150 0.000000 0.614231 0.000000 -0.789127 0.814167 0.814167 0.814167
3053.898438 0.000000 593.742493 0.000000 0.911020 0.000000 0.412362 0.794652 0.794652 0.794652
3104.017822 0.000000 556.310181 0.000000 0.965676 0.000000 0.259749 0.797481 0.797481 0.797481
3053.828369 0.000000 565.705688 0.000000 0.892993 0.000000 -0.450071 0.804196 0.804196 0.804196
3046.891846 0.000000 559.666443 0.000000 0.987575 0.000000 0.157147 0.798204 0.798204 0.798204
3107.201660 0.000000 564.081238 0.000000 0.967535 0.000000 0.252736 0.796173 0.796173 0.796173
3041.561523 0.000000 550.710083 0.000000 0.912226 0.000000 0.409688 0.789377 0.789377 0.789377
3025.045898 0.000000 560.600098 0.000000 0.840665 0.000000 -0.541555 0.814402 0.814402 0.814402
3050.392090 0.000000 554.983337 0.000000 0.530643 0.000000 -0.847595 0.836967 0.836967 0.836967
3182.885498 0.000000 610.465576 0.000000 0.650504 0.000000 -0.759503 0.810853 0.810853 0.810853
3126.164307 0.000000 568.542114 0.000000 0.874577 0.000000 0.484887 0.798483 0.798483 0.798483
3150.216553 0.000000 595.034607 0.000000 0.769113 0.000000 -0.639113 0.808309 0.808309 0.808309
3145.443115 0.000000 544.817139 0.000000 0.531099 0.000000 0.847310 0.783040 0.783040 0.783040
3170.851074 0.000000 607.892944 0.000000 0.416004 0.000000 -0.909363 0.810946 0.810946 0.810946
3143.642090 0.000000 585.737488 0.000000 0.654351 0.000000 0.756191 0.789211 0.789211 0.789211
3181.353027 0.000000 612.838562 0.000000 0.753864 0.000000 -0.657030 0.809020 0.809020 0.809020
3244.105469 0.000000 545.033386 0.000000 0.349551 0.000000 -0.936917 0.807272 0.807272 0.807272
3210.156494 0.000000 568.542114 0.000000 0.955025 0.000000 -0.296526 0.803968 0.803968 0.803968
3248.763184 0.000000 577.301636 0.000000 0.833140 0.000000 0.553062 0.794733 0.794733 0.794733
3227.509277 0.000000 598.450012 0.000000 0.958966 0.000000 0.283521 0.794661 0.794661 0.794661
3300.371094 0.000000 549.696533 0.000000 0.311888 0.000000 0.950119 0.796244 0.796244 0.796244
3277.230713 0.000000 578.135681 0.000000 0.940820 0.000000 -0.338906 0.801657 0.801657 0.801657
3277.826416 0.000000 552.763733 0.000000 0.589600 0.000000 -0.807695 0.806760 0.806760 0.806760
3281.640381 0.000000 565.578369 0.000000 0.020424 0.000000 -0.999791 0.810218 0.810218 0.810218
3290.187500 0.000000 556.742188 0.000000 0.448708 0.000000 -0.893679 0.813910 0.813910 0.813910
8047.502930 0.000000 3701.951660 0.000000 0.593542 0.000000 0.804803 0.791033 0.791033 0.791033
8059.485840 0.000000 3732.808594 0.000000 0.801233 0.000000 -0.598352 0.838433 0.838433 0.838433
8052.582520 0.000000 3697.208496 0.000000 0.016324 0.000000 -0.999867 0.840981 0.840981 0.840981
8053.853027 0.000000 3703.956055 0.000000 0.193074 0.000000 -0.981184 0.856084 0.856084 0.856084
8051.299805 0.000000 3700.907471 0.000000 0.603580 0.000000 0.797302 0.728673 0.728673 0.728673
7970.439941 0.000000 3805.731201 0.000000 0.876037 0.000000 0.482244 0.798492 0.798492 0.798492
7699.446289 0.000000 3882.623047 0.000000 0.987741 0.000000 0.156099 0.794647 0.794647 0.794647
7525.550781 0.000000 4022.314697 0.000000 0.889531 0.000000 -0.456874 0.809097 0.809097 0.809097
7570.208496 0.000000 3981.347412 0.000000 0.888361 0.000000 -0.459146 0.828868 0.828868 0.828868
7609.446777 0.000000 4016.954590 0.000000 0.809702 0.000000 -0.586842 0.824801 0.824801 0.824801
7847.079590 0.000000 3929.684326 0.000000 0.383242 0.000000 -0.923648 0.825399 0.825399 0.825399
7968.907715 0.000000 3808.104248 0.000000 0.441611 0.000000 0.897206 0.753969 0.753969 0.753969
7937.770996 0.000000 3858.284668 0.000000 0.377330 0.000000 -0.926079 0.813478 0.813478 0.813478
7975.493652 0.000000 3868.777344 0.000000 0.084800 0.000000 -0.996398 0.896153 0.896153 0.896153
8017.949707 0.000000 3868.482422 0.000000 0.234618 0.000000 -0.972088 0.820781 0.820781 0.820781
8059.329590 0.000000 3824.089111 0.000000 0.718357 0.000000 -0.695675 0.848403 0.848403 0.848403
7947.210938 0.000000 3919.280762 0.000000 0.808209 0.000000 -0.588896 0.810187 0.810187 0.810187
7986.894043 0.000000 3904.635986 0.000000 0.011761 0.000000 0.999931 0.720599 0.720599 0.720599
7778.039062 0.000000 4006.594727 0.000000 0.288728 0.000000 0.957411 0.770138 0.770138 0.770138
7752.157227 0.000000 4001.148438 0.000000 0.989606 0.000000 0.143803 0.794034 0.794034 0.794034
7891.572754 0.000000 3955.528809 0.000000 0.171257 0.000000 0.985226 0.769830 0.769830 0.769830
7859.383301 0.000000 3984.189453 0.000000 0.528848 0.000000 0.848717 0.754453 0.754453 0.754453
7889.319336 0.000000 4001.088135 0.000000 0.784454 0.000000 0.620187 0.735466 0.735466 0.735466
7797.970703 0.000000 4030.828613 0.000000 0.994636 0.000000 -0.103441 0.802111 0.802111 0.802111
7863.218750 0.000000 4055.249512 0.000000 0.993865 0.000000 -0.110598 0.802125 0.802125 0.802125
7888.428711 0.000000 4031.388428 0.000000 0.413602 0.000000 0.910458 0.686176 0.686176 0.686176
8005.024902 0.000000 3944.622559 0.000000 0.911407 0.000000 0.411507 0.775351 0.775351 0.775351
7973.311523 0.000000 4069.072510 0.000000 0.887226 0.000000 0.461336 0.772994 0.772994 0.772994
8015.688477 0.000000 4047.653564 0.000000 0.274749 0.000000 0.961516 0.682290 0.682290 0.682290
7603.951172 0.000000 4084.369385 0.000000 0.948792 0.000000 0.315903 0.780357 0.780357 0.780357
7876.059570 0.000000 4121.205566 0.000000 0.829976 0.000000 -0.557798 0.807800 0.807800 0.807800
7868.948242 0.000000 4092.711182 0.000000 0.581131 0.000000 0.813810 0.769810 0.769810 0.769810
7751.957031 0.000000 4152.868652 0.000000 0.107136 0.000000 -0.994244 0.833321 0.833321 0.833321
7740.798828 0.000000 4181.914551 0.000000 0.464840 0.000000 -0.885395 0.845605 0.845605 0.845605
7896.800781 0.000000 4113.323242 0.000000 0.090770 0.000000 -0.995872 0.801773 0.801773 0.801773
7976.828125 0.000000 4115.243652 0.000000 0.964722 0.000000 0.263272 0.791061 0.791061 0.791061
7906.100586 0.000000 4135.458008 0.000000 0.015097 0.000000 -0.999886 0.978037 0.978037 0.978037
8185.864746 0.000000 3611.142090 0.000000 0.997380 0.000000 0.072335 0.796790 0.796790 0.796790
8233.365234 0.000000 3612.060547 0.000000 0.437594 0.000000 -0.899172 0.839518 0.839518 0.839518
8234.422852 0.000000 3633.594971 0.000000 0.584160 0.000000 0.811639 0.746666 0.746666 0.746666
8128.036133 0.000000 3713.299316 0.000000 0.916737 0.000000 -0.399491 0.806648 0.806648 0.806648
8101.941895 0.000000 3732.513672 0.000000 0.452288 0.000000 0.891872 0.772281 0.772281 0.772281
8100.263672 0.000000 3787.324951 0.000000 0.010593 0.000000 0.999944 0.733627 0.733627 0.733627
8066.438477 0.000000 3769.563721 0.000000 0.627379 0.000000 0.778714 0.728868 0.728868 0.728868
8216.827148 0.000000 3776.362061 0.000000 0.231064 0.000000 -0.972939 0.828853 0.828853 0.828853
8282.547852 0.000000 3725.446289 0.000000 0.993224 0.000000 0.116217 0.792951 0.792951 0.792951
8175.180176 0.000000 3849.170410 0.000000 0.137772 0.000000 -0.990464 0.828326 0.828326 0.828326
8143.549316 0.000000 3887.544434 0.000000 0.972055 0.000000 0.234752 0.793185 0.793185 0.793185
8142.661621 0.000000 3996.899902 0.000000 0.489762 0.000000 0.871856 0.778427 0.778427 0.778427
8076.767578 0.000000 4045.945801 0.000000 0.790686 0.000000 -0.612221 0.828424 0.828424 0.828424
8082.011230 0.000000 4042.335693 0.000000 0.940200 0.000000 -0.340623 0.814786 0.814786 0.814786
"}
