object={
	name="reeds_01_generator_1_0"
	clamp_to_water_level=no
	render_under_water=no
	generated_content=yes
	layer="grass_layer"
	pdxmesh="reeds_06_grass_mesh"
	count=259
	transform="4534.997070 0.000000 1956.192871 0.000000 0.547144 0.000000 0.837038 0.848952 0.848952 0.848952
4491.768555 0.000000 1982.629639 0.000000 0.593277 0.000000 -0.804999 1.114462 1.114462 1.114462
4524.100586 0.000000 2011.269775 0.000000 0.343469 0.000000 -0.939164 1.042648 1.042648 1.042648
4522.573242 0.000000 2026.252563 0.000000 0.958743 0.000000 0.284274 0.978411 0.978411 0.978411
4527.131348 0.000000 2006.764648 0.000000 0.669095 0.000000 0.743177 0.964442 0.964442 0.964442
4518.144531 0.000000 2023.041382 0.000000 0.914930 0.000000 0.403612 0.961623 0.961623 0.961623
4493.430664 0.000000 1984.594482 0.000000 0.969486 0.000000 -0.245148 1.053794 1.053794 1.053794
4531.229492 0.000000 2027.803711 0.000000 0.031262 0.000000 0.999511 0.930817 0.930817 0.930817
4528.133789 0.000000 1979.539673 0.000000 0.570134 0.000000 -0.821552 1.048140 1.048140 1.048140
4530.084473 0.000000 1982.469116 0.000000 0.433444 0.000000 0.901181 0.943953 0.943953 0.943953
4522.621582 0.000000 2024.005615 0.000000 0.964549 0.000000 0.263904 0.978664 0.978664 0.978664
4530.604004 0.000000 1990.583862 0.000000 0.845859 0.000000 0.533406 0.976122 0.976122 0.976122
4529.250488 0.000000 2020.229492 0.000000 0.423335 0.000000 0.905973 0.915092 0.915092 0.915092
4520.784668 0.000000 2027.253540 0.000000 0.956454 0.000000 0.291882 0.980774 0.980774 0.980774
4526.198242 0.000000 2022.978638 0.000000 0.865064 0.000000 -0.501662 1.041983 1.041983 1.041983
4510.697754 0.000000 2020.645508 0.000000 0.345675 0.000000 -0.938354 1.152020 1.152020 1.152020
4514.371582 0.000000 2015.764404 0.000000 0.679772 0.000000 -0.733423 1.086332 1.086332 1.086332
4519.002930 0.000000 2008.076294 0.000000 0.989198 0.000000 -0.146586 1.008448 1.008448 1.008448
4519.647949 0.000000 2021.133423 0.000000 0.663463 0.000000 0.748209 0.921912 0.921912 0.921912
4513.558105 0.000000 2022.593506 0.000000 0.334144 0.000000 -0.942522 1.141266 1.141266 1.141266
4525.374512 0.000000 2026.614136 0.000000 0.999986 0.000000 0.005262 0.999632 0.999632 0.999632
4511.517578 0.000000 2022.500244 0.000000 0.963305 0.000000 -0.268410 1.028494 1.028494 1.028494
4520.040039 0.000000 2023.228271 0.000000 0.411067 0.000000 0.911605 0.894033 0.894033 0.894033
4521.252930 0.000000 2025.047852 0.000000 0.842386 0.000000 0.538874 0.950273 0.950273 0.950273
4498.411133 0.000000 1981.873169 0.000000 0.031422 0.000000 -0.999506 1.334351 1.334351 1.334351
4535.105469 0.000000 1997.420044 0.000000 0.189482 0.000000 -0.981884 1.368684 1.368684 1.368684
4516.013184 0.000000 1996.492310 0.000000 0.992640 0.000000 -0.121101 1.010002 1.010002 1.010002
4517.725586 0.000000 2017.059204 0.000000 0.433235 0.000000 0.901281 0.890686 0.890686 0.890686
4528.043457 0.000000 1983.536621 0.000000 0.452000 0.000000 0.892018 0.870718 0.870718 0.870718
4515.688477 0.000000 2015.022949 0.000000 0.448409 0.000000 0.893829 0.884050 0.884050 0.884050
4515.888672 0.000000 1994.628540 0.000000 0.187497 0.000000 -0.982265 1.131126 1.131126 1.131126
4515.041504 0.000000 2013.049194 0.000000 0.190887 0.000000 0.981612 0.851991 0.851991 0.851991
4534.927246 0.000000 2002.441895 0.000000 0.990887 0.000000 -0.134699 1.014504 1.014504 1.014504
4533.458008 0.000000 1995.156860 0.000000 0.287544 0.000000 0.957767 0.760493 0.760493 0.760493
4494.941895 0.000000 1976.492065 0.000000 0.999262 0.000000 0.038410 0.992327 0.992327 0.992327
4494.999023 0.000000 1978.946899 0.000000 0.829078 0.000000 0.559133 0.868164 0.868164 0.868164
4497.197266 0.000000 1982.338501 0.000000 0.993529 0.000000 -0.113576 1.032394 1.032394 1.032394
4531.281738 0.000000 1996.268677 0.000000 0.455981 0.000000 -0.889989 1.257515 1.257515 1.257515
4494.265137 0.000000 1980.908813 0.000000 0.902292 0.000000 0.431125 0.838643 0.838643 0.838643
4534.577637 0.000000 1996.521851 0.000000 0.039016 0.000000 -0.999239 1.409183 1.409183 1.409183
4534.151855 0.000000 1997.425049 0.000000 0.447743 0.000000 0.894162 0.704405 0.704405 0.704405
4497.704102 0.000000 1981.386475 0.000000 0.060736 0.000000 -0.998154 1.482540 1.482540 1.482540
4595.833984 0.000000 1969.791504 0.000000 0.989743 0.000000 0.142857 0.976022 0.976022 0.976022
4539.406738 0.000000 1955.707520 0.000000 0.548901 0.000000 0.835887 0.824562 0.824562 0.824562
4609.608398 0.000000 1952.493164 0.000000 0.764686 0.000000 -0.644403 1.124121 1.124121 1.124121
4548.369629 0.000000 1950.130249 0.000000 0.679665 0.000000 0.733522 0.843753 0.843753 0.843753
4575.844238 0.000000 1954.427612 0.000000 0.853513 0.000000 -0.521071 1.098523 1.098523 1.098523
4577.792480 0.000000 1952.774902 0.000000 0.544522 0.000000 0.838746 0.836055 0.836055 0.836055
4581.782227 0.000000 1954.766602 0.000000 0.961476 0.000000 -0.274887 1.052837 1.052837 1.052837
4574.956543 0.000000 1957.641357 0.000000 0.687285 0.000000 -0.726388 1.146147 1.146147 1.146147
4542.075684 0.000000 1952.561401 0.000000 0.916248 0.000000 -0.400611 1.074091 1.074091 1.074091
4586.885254 0.000000 1956.226929 0.000000 0.989736 0.000000 -0.142910 1.025777 1.025777 1.025777
4611.708008 0.000000 1951.685669 0.000000 0.527940 0.000000 0.849281 0.815087 0.815087 0.815087
4541.868164 0.000000 1957.858032 0.000000 0.576734 0.000000 -0.816932 1.169468 1.169468 1.169468
4600.325684 0.000000 1963.846924 0.000000 0.993069 0.000000 -0.117537 1.010882 1.010882 1.010882
4609.005859 0.000000 1950.572998 0.000000 0.959958 0.000000 0.280143 0.948961 0.948961 0.948961
4547.514648 0.000000 1951.432739 0.000000 0.897239 0.000000 0.441545 0.913229 0.913229 0.913229
4599.216797 0.000000 1969.109741 0.000000 0.991700 0.000000 -0.128572 1.020278 1.020278 1.020278
4549.786133 0.000000 1947.057983 0.000000 0.554086 0.000000 0.832459 0.810932 0.810932 0.810932
4550.441406 0.000000 1951.853638 0.000000 0.991104 0.000000 -0.133086 1.025327 1.025327 1.025327
4603.142578 0.000000 1964.175537 0.000000 0.837988 0.000000 0.545688 0.903451 0.903451 0.903451
4579.384277 0.000000 1952.706055 0.000000 0.900021 0.000000 0.435847 0.930195 0.930195 0.930195
4603.817383 0.000000 1966.859985 0.000000 0.532872 0.000000 0.846196 0.831259 0.831259 0.831259
4585.287598 0.000000 1955.893799 0.000000 0.590285 0.000000 -0.807195 1.178237 1.178237 1.178237
4545.337891 0.000000 1956.690552 0.000000 0.777660 0.000000 -0.628685 1.103536 1.103536 1.103536
4571.469238 0.000000 1956.617188 0.000000 0.073443 0.000000 -0.997299 1.231759 1.231759 1.231759
4547.540527 0.000000 1955.279175 0.000000 0.849233 0.000000 -0.528018 1.088880 1.088880 1.088880
4609.420898 0.000000 1953.884521 0.000000 0.845652 0.000000 -0.533735 1.099797 1.099797 1.099797
4573.759277 0.000000 1952.455200 0.000000 0.007807 0.000000 0.999970 0.816602 0.816602 0.816602
4573.286133 0.000000 1955.038086 0.000000 0.424652 0.000000 0.905357 0.790829 0.790829 0.790829
4535.646973 0.000000 1959.702026 0.000000 0.988067 0.000000 0.154024 0.973361 0.973361 0.973361
4596.350098 0.000000 1962.708862 0.000000 0.451277 0.000000 -0.892384 1.159656 1.159656 1.159656
4540.460938 0.000000 1954.945557 0.000000 0.922972 0.000000 -0.384867 1.071013 1.071013 1.071013
4536.669434 0.000000 1957.204224 0.000000 0.679641 0.000000 -0.733545 1.145973 1.145973 1.145973
4602.469727 0.000000 1953.832031 0.000000 0.995086 0.000000 -0.099015 1.017827 1.017827 1.017827
4604.794922 0.000000 1952.595947 0.000000 0.032818 0.000000 -0.999461 1.276453 1.276453 1.276453
4543.115723 0.000000 1955.482056 0.000000 0.055026 0.000000 -0.998485 1.272457 1.272457 1.272457
4540.253418 0.000000 1959.033569 0.000000 0.189450 0.000000 0.981890 0.769137 0.769137 0.769137
4597.588867 0.000000 1962.901733 0.000000 0.779979 0.000000 -0.625806 1.097908 1.097908 1.097908
4544.087402 0.000000 1957.721436 0.000000 0.988524 0.000000 0.151067 0.976906 0.976906 0.976906
4605.411621 0.000000 1964.808350 0.000000 0.961647 0.000000 -0.274289 1.046476 1.046476 1.046476
4602.712891 0.000000 1949.944824 0.000000 0.190015 0.000000 -0.981781 1.247988 1.247988 1.247988
4549.405273 0.000000 1949.595947 0.000000 0.679681 0.000000 -0.733508 1.158299 1.158299 1.158299
4608.566406 0.000000 1953.018311 0.000000 0.294222 0.000000 0.955737 0.774504 0.774504 0.774504
4574.607910 0.000000 1954.638062 0.000000 0.442070 0.000000 -0.896981 1.200044 1.200044 1.200044
4546.309570 0.000000 1951.511719 0.000000 0.423398 0.000000 0.905944 0.784913 0.784913 0.784913
4551.392090 0.000000 1948.548218 0.000000 0.433577 0.000000 0.901116 0.784248 0.784248 0.784248
4610.528320 0.000000 1951.766479 0.000000 0.971877 0.000000 -0.235487 1.043324 1.043324 1.043324
4604.845215 0.000000 1962.120728 0.000000 0.991792 0.000000 0.127860 0.978554 0.978554 0.978554
4602.649414 0.000000 1963.097656 0.000000 0.868567 0.000000 -0.495571 1.086727 1.086727 1.086727
4546.957520 0.000000 1953.796509 0.000000 0.950103 0.000000 0.311936 0.942977 0.942977 0.942977
4545.833008 0.000000 1953.610840 0.000000 0.055313 0.000000 -0.998469 1.272405 1.272405 1.272405
4580.710449 0.000000 1954.847534 0.000000 0.575828 0.000000 -0.817571 1.181613 1.181613 1.181613
4615.137695 0.000000 2000.117432 0.000000 0.958831 0.000000 0.283977 0.997843 0.997843 0.997843
4598.636230 0.000000 1995.579956 0.000000 0.757790 0.000000 0.652498 0.944983 0.944983 0.944983
4543.291016 0.000000 2036.137817 0.000000 0.919505 0.000000 0.393078 0.960667 0.960667 0.960667
4542.449707 0.000000 2007.948120 0.000000 0.914208 0.000000 -0.405245 1.026042 1.026042 1.026042
4564.996094 0.000000 1978.177246 0.000000 0.544874 0.000000 0.838518 0.942892 0.942892 0.942892
4573.836914 0.000000 1990.925415 0.000000 0.988360 0.000000 0.152135 0.991230 0.991230 0.991230
4537.021484 0.000000 1993.456665 0.000000 0.552139 0.000000 0.833752 0.958158 0.958158 0.958158
4544.413574 0.000000 2023.582397 0.000000 0.564504 0.000000 0.825431 0.905462 0.905462 0.905462
4595.983887 0.000000 1976.476318 0.000000 0.989502 0.000000 0.144516 0.984794 0.984794 0.984794
4595.055176 0.000000 2008.473511 0.000000 0.749695 0.000000 0.661783 0.888060 0.888060 0.888060
4585.533203 0.000000 1998.369873 0.000000 0.530809 0.000000 0.847491 0.866196 0.866196 0.866196
4595.465332 0.000000 2015.369751 0.000000 0.911331 0.000000 0.411673 0.991526 0.991526 0.991526
4543.781250 0.000000 2039.522583 0.000000 0.855370 0.000000 -0.518018 1.077489 1.077489 1.077489
4556.495605 0.000000 1976.865845 0.000000 0.853868 0.000000 0.520489 0.892033 0.892033 0.892033
4582.282715 0.000000 2000.624146 0.000000 0.426798 0.000000 0.904347 0.853323 0.853323 0.853323
4549.408203 0.000000 2029.573853 0.000000 0.858193 0.000000 -0.513327 1.039028 1.039028 1.039028
4538.606445 0.000000 2018.668091 0.000000 0.999609 0.000000 0.027966 0.998464 0.998464 0.998464
4616.023438 0.000000 1992.297729 0.000000 0.954153 0.000000 0.299320 0.971921 0.971921 0.971921
4536.001953 0.000000 2003.064819 0.000000 0.760519 0.000000 -0.649316 1.089978 1.089978 1.089978
4551.288574 0.000000 2015.359863 0.000000 0.449027 0.000000 -0.893518 1.077252 1.077252 1.077252
4612.969238 0.000000 1984.705078 0.000000 0.918869 0.000000 -0.394562 1.097207 1.097207 1.097207
4596.056641 0.000000 1985.963989 0.000000 0.999954 0.000000 -0.009634 1.000457 1.000457 1.000457
4538.412109 0.000000 1995.891846 0.000000 0.663168 0.000000 -0.748471 1.031672 1.031672 1.031672
4546.728027 0.000000 2024.821655 0.000000 0.535756 0.000000 0.844373 0.834339 0.834339 0.834339
4544.098633 0.000000 2029.382080 0.000000 0.970924 0.000000 -0.239388 1.010260 1.010260 1.010260
4541.883789 0.000000 2023.681274 0.000000 0.744397 0.000000 0.667737 0.956191 0.956191 0.956191
4571.328125 0.000000 1990.655640 0.000000 0.581778 0.000000 -0.813348 1.061657 1.061657 1.061657
4543.247070 0.000000 1977.097412 0.000000 0.188007 0.000000 -0.982168 1.358737 1.358737 1.358737
4580.273438 0.000000 2023.847534 0.000000 0.992686 0.000000 -0.120726 1.014805 1.014805 1.014805
4617.977051 0.000000 1989.418945 0.000000 0.195767 0.000000 -0.980650 1.092601 1.092601 1.092601
4572.915527 0.000000 2015.504639 0.000000 0.693523 0.000000 -0.720435 1.086357 1.086357 1.086357
4610.756348 0.000000 1995.589844 0.000000 0.049949 0.000000 -0.998752 1.121498 1.121498 1.121498
4614.988281 0.000000 1986.176636 0.000000 0.321823 0.000000 -0.946800 1.111728 1.111728 1.111728
4605.512207 0.000000 1989.079102 0.000000 0.653456 0.000000 0.756964 0.942121 0.942121 0.942121
4617.832031 0.000000 1993.890991 0.000000 0.309422 0.000000 0.950925 0.883961 0.883961 0.883961
4537.955078 0.000000 2025.395996 0.000000 0.961365 0.000000 -0.275277 1.016013 1.016013 1.016013
4612.125977 0.000000 1979.539673 0.000000 0.186310 0.000000 0.982491 0.889482 0.889482 0.889482
4610.611816 0.000000 1984.307983 0.000000 0.045264 0.000000 0.998975 0.565828 0.565828 0.565828
4544.886230 0.000000 1987.684570 0.000000 0.989172 0.000000 0.146764 0.994116 0.994116 0.994116
4542.460938 0.000000 1991.012817 0.000000 0.201690 0.000000 -0.979449 1.341456 1.341456 1.341456
4591.483398 0.000000 2003.021240 0.000000 0.194826 0.000000 -0.980838 1.195627 1.195627 1.195627
4544.615723 0.000000 2008.466431 0.000000 0.431213 0.000000 0.902250 0.943830 0.943830 0.943830
4597.255859 0.000000 2008.835938 0.000000 0.479239 0.000000 -0.877684 1.165777 1.165777 1.165777
4595.684082 0.000000 2013.071777 0.000000 0.067708 0.000000 -0.997705 1.228897 1.228897 1.228897
4568.821289 0.000000 2033.688599 0.000000 0.458445 0.000000 -0.888723 1.128432 1.128432 1.128432
4573.456543 0.000000 2017.728882 0.000000 0.968138 0.000000 -0.250416 1.028436 1.028436 1.028436
4566.833008 0.000000 1977.054077 0.000000 0.439428 0.000000 0.898278 0.938714 0.938714 0.938714
4573.822266 0.000000 2021.757568 0.000000 0.651786 0.000000 0.758403 0.909735 0.909735 0.909735
4574.203613 0.000000 2009.127563 0.000000 0.170983 0.000000 -0.985274 1.380693 1.380693 1.380693
4608.477051 0.000000 1991.769775 0.000000 0.924593 0.000000 -0.380956 1.028296 1.028296 1.028296
4596.789551 0.000000 2006.797363 0.000000 0.842597 0.000000 0.538545 0.911972 0.911972 0.911972
4607.536133 0.000000 1989.581543 0.000000 0.335534 0.000000 -0.942028 1.088952 1.088952 1.088952
4567.322266 0.000000 1992.030151 0.000000 0.785001 0.000000 -0.619494 1.041698 1.041698 1.041698
4593.748535 0.000000 2014.289551 0.000000 0.425577 0.000000 0.904922 0.813610 0.813610 0.813610
4601.527344 0.000000 1996.829468 0.000000 0.678454 0.000000 -0.734643 1.063860 1.063860 1.063860
4613.059570 0.000000 1986.864624 0.000000 0.439596 0.000000 0.898196 0.721473 0.721473 0.721473
4538.017578 0.000000 2012.776489 0.000000 0.553976 0.000000 -0.832533 1.063850 1.063850 1.063850
4548.397461 0.000000 2027.807373 0.000000 0.847158 0.000000 0.531342 0.955247 0.955247 0.955247
4593.442383 0.000000 1983.209839 0.000000 0.219951 0.000000 -0.975511 1.357000 1.357000 1.357000
4607.058594 0.000000 1993.199341 0.000000 0.191723 0.000000 -0.981449 1.092878 1.092878 1.092878
4608.725098 0.000000 1995.578369 0.000000 0.327278 0.000000 -0.944928 1.083407 1.083407 1.083407
4567.128906 0.000000 2032.204712 0.000000 0.844214 0.000000 0.536007 0.933622 0.933622 0.933622
4548.369629 0.000000 2018.114624 0.000000 0.852353 0.000000 -0.522967 1.032974 1.032974 1.032974
4577.792480 0.000000 2020.759277 0.000000 0.649454 0.000000 0.760401 0.902942 0.902942 0.902942
4545.040039 0.000000 2012.655396 0.000000 0.930252 0.000000 -0.366922 1.022511 1.022511 1.022511
4583.852539 0.000000 2018.426758 0.000000 0.176001 0.000000 -0.984390 1.167034 1.167034 1.167034
4594.178223 0.000000 1999.281372 0.000000 0.429312 0.000000 0.903156 0.842429 0.842429 0.842429
4565.008789 0.000000 2033.217041 0.000000 0.303073 0.000000 0.952968 0.861275 0.861275 0.861275
4540.520996 0.000000 1991.520142 0.000000 0.839152 0.000000 0.543897 0.922472 0.922472 0.922472
4573.352539 0.000000 2013.675903 0.000000 0.995129 0.000000 -0.098585 1.008628 1.008628 1.008628
4551.042480 0.000000 2025.770386 0.000000 0.857019 0.000000 -0.515285 1.033787 1.033787 1.033787
4605.088379 0.000000 1994.538086 0.000000 0.964856 0.000000 -0.262780 1.017924 1.017924 1.017924
4559.494629 0.000000 2023.533936 0.000000 0.910662 0.000000 0.413152 0.960657 0.960657 0.960657
4555.292480 0.000000 1981.213989 0.000000 0.920663 0.000000 -0.390358 1.053062 1.053062 1.053062
4611.500000 0.000000 1990.310669 0.000000 0.186374 0.000000 -0.982479 1.107060 1.107060 1.107060
4614.179199 0.000000 1996.171753 0.000000 0.991832 0.000000 -0.127551 1.011814 1.011814 1.011814
4591.625488 0.000000 1983.382324 0.000000 0.923417 0.000000 -0.383798 1.123909 1.123909 1.123909
4580.172363 0.000000 2019.419678 0.000000 0.304500 0.000000 0.952512 0.851992 0.851992 0.851992
4611.604980 0.000000 1976.603027 0.000000 0.999677 0.000000 0.025427 0.993016 0.993016 0.993016
4544.575195 0.000000 1997.461548 0.000000 0.449470 0.000000 -0.893296 1.242682 1.242682 1.242682
4582.878418 0.000000 1988.268311 0.000000 0.032697 0.000000 0.999465 0.880962 0.880962 0.880962
4543.888184 0.000000 1991.839233 0.000000 0.764364 0.000000 0.644785 0.825056 0.825056 0.825056
4590.759766 0.000000 1989.499756 0.000000 0.303638 0.000000 0.952787 0.533598 0.533598 0.533598
4613.991699 0.000000 1976.015747 0.000000 0.990109 0.000000 -0.140300 1.019680 1.019680 1.019680
4574.352539 0.000000 2005.318848 0.000000 0.563404 0.000000 0.826181 0.895622 0.895622 0.895622
4614.070801 0.000000 1988.178467 0.000000 0.991146 0.000000 0.132776 0.972738 0.972738 0.972738
4606.821777 0.000000 1983.759399 0.000000 0.046275 0.000000 0.998929 0.783058 0.783058 0.783058
4588.508301 0.000000 1983.418335 0.000000 0.436995 0.000000 -0.899464 1.189889 1.189889 1.189889
4568.443359 0.000000 2030.007812 0.000000 0.999999 0.000000 0.001411 0.999842 0.999842 0.999842
4610.984375 0.000000 1980.670288 0.000000 0.964984 0.000000 -0.262310 1.062286 1.062286 1.062286
4577.104004 0.000000 2019.394653 0.000000 0.275927 0.000000 0.961179 0.861383 0.861383 0.861383
4567.412598 0.000000 1980.490234 0.000000 0.847738 0.000000 -0.530416 1.073977 1.073977 1.073977
4588.807129 0.000000 2012.688843 0.000000 0.960912 0.000000 -0.276855 1.045521 1.045521 1.045521
4617.489746 0.000000 1991.848755 0.000000 0.351947 0.000000 -0.936020 1.111876 1.111876 1.111876
4594.376465 0.000000 2001.681885 0.000000 0.469719 0.000000 -0.882816 1.151246 1.151246 1.151246
4571.155762 0.000000 1985.723755 0.000000 0.072128 0.000000 -0.997395 1.336721 1.336721 1.336721
4585.754883 0.000000 1987.184326 0.000000 0.854407 0.000000 0.519605 0.938616 0.938616 0.938616
4584.013672 0.000000 1991.388184 0.000000 0.174231 0.000000 -0.984705 1.163765 1.163765 1.163765
4563.595215 0.000000 1978.466064 0.000000 0.909366 0.000000 -0.415996 1.046058 1.046058 1.046058
4593.263672 0.000000 1973.691162 0.000000 0.023356 0.000000 0.999727 0.775931 0.775931 0.775931
4570.228027 0.000000 1984.609497 0.000000 0.969526 0.000000 -0.244989 1.055613 1.055613 1.055613
4543.145996 0.000000 1974.383667 0.000000 0.055858 0.000000 -0.998439 1.238269 1.238269 1.238269
4608.196289 0.000000 1983.376709 0.000000 0.188306 0.000000 -0.982111 1.313825 1.313825 1.313825
4558.270996 0.000000 2026.914062 0.000000 0.648794 0.000000 0.760964 0.909322 0.909322 0.909322
4583.020996 0.000000 1996.197144 0.000000 0.999269 0.000000 0.038222 0.995323 0.995323 0.995323
4572.258301 0.000000 2016.881836 0.000000 0.991763 0.000000 -0.128087 1.014430 1.014430 1.014430
4584.416992 0.000000 1986.714233 0.000000 0.847292 0.000000 0.531128 0.937095 0.937095 0.937095
4541.954102 0.000000 1976.567017 0.000000 0.053795 0.000000 -0.998552 1.355997 1.355997 1.355997
4589.387695 0.000000 1985.505737 0.000000 0.920892 0.000000 -0.389818 1.125962 1.125962 1.125962
4592.220215 0.000000 1975.828369 0.000000 0.664957 0.000000 0.746882 0.884198 0.884198 0.884198
4588.330566 0.000000 1988.172607 0.000000 0.783584 0.000000 -0.621286 1.158996 1.158996 1.158996
4590.172363 0.000000 2003.158569 0.000000 0.909955 0.000000 0.414706 0.939148 0.939148 0.939148
4594.907715 0.000000 2011.914062 0.000000 0.200910 0.000000 -0.979610 1.218659 1.218659 1.218659
4555.247070 0.000000 1976.457886 0.000000 0.991855 0.000000 -0.127376 1.021683 1.021683 1.021683
4539.407227 0.000000 2000.001343 0.000000 0.220207 0.000000 -0.975453 1.239076 1.239076 1.239076
4562.576172 0.000000 1981.409058 0.000000 0.662236 0.000000 0.749295 0.780085 0.780085 0.780085
4546.239746 0.000000 1993.236816 0.000000 0.479593 0.000000 -0.877491 1.232535 1.232535 1.232535
4535.606934 0.000000 1997.411011 0.000000 0.077275 0.000000 -0.997010 1.398945 1.398945 1.398945
4572.357910 0.000000 2004.751953 0.000000 0.456835 0.000000 -0.889551 1.175176 1.175176 1.175176
4613.731445 0.000000 1985.743774 0.000000 0.958223 0.000000 -0.286023 1.069522 1.069522 1.069522
4547.183105 0.000000 1990.710571 0.000000 0.150597 0.000000 0.988595 0.681026 0.681026 0.681026
4585.541504 0.000000 2001.174683 0.000000 0.769963 0.000000 0.638089 0.906707 0.906707 0.906707
4590.032715 0.000000 2015.157715 0.000000 0.999995 0.000000 0.003165 0.999471 0.999471 0.999471
4609.140625 0.000000 1977.516235 0.000000 0.961597 0.000000 0.274466 0.936140 0.936140 0.936140
4590.337891 0.000000 1986.333374 0.000000 0.915701 0.000000 0.401861 0.846166 0.846166 0.846166
4597.047363 0.000000 2005.461060 0.000000 0.151513 0.000000 0.988455 0.787489 0.787489 0.787489
4594.026367 0.000000 1984.228760 0.000000 0.679902 0.000000 -0.733303 1.168516 1.168516 1.168516
4589.868652 0.000000 2013.136353 0.000000 0.167035 0.000000 0.985951 0.772331 0.772331 0.772331
4611.946289 0.000000 1986.485962 0.000000 0.558488 0.000000 0.829513 0.728915 0.728915 0.728915
4586.926270 0.000000 1985.255981 0.000000 0.018167 0.000000 0.999835 0.724789 0.724789 0.724789
4563.476562 0.000000 1980.234253 0.000000 0.769000 0.000000 -0.639249 1.180066 1.180066 1.180066
4595.247070 0.000000 2004.980103 0.000000 0.992271 0.000000 -0.124090 1.027954 1.027954 1.027954
4597.368652 0.000000 2002.395264 0.000000 0.141250 0.000000 0.989974 0.735987 0.735987 0.735987
4558.654297 0.000000 1980.917725 0.000000 0.038685 0.000000 0.999251 0.613679 0.613679 0.613679
4543.604492 0.000000 1992.842407 0.000000 0.862948 0.000000 -0.505293 1.132247 1.132247 1.132247
4544.310059 0.000000 1994.065430 0.000000 0.047633 0.000000 0.998865 0.623542 0.623542 0.623542
4613.015625 0.000000 1987.950317 0.000000 0.989179 0.000000 0.146711 0.963240 0.963240 0.963240
4610.142578 0.000000 1974.480835 0.000000 0.958572 0.000000 -0.284851 1.072834 1.072834 1.072834
4592.778809 0.000000 1986.132080 0.000000 0.857356 0.000000 -0.514724 1.199778 1.199778 1.199778
4562.002441 0.000000 1983.671143 0.000000 0.195552 0.000000 -0.980693 1.301857 1.301857 1.301857
4611.557617 0.000000 1984.447510 0.000000 0.161482 0.000000 0.986876 0.599102 0.599102 0.599102
4589.692383 0.000000 1987.131714 0.000000 0.845977 0.000000 -0.533219 1.209205 1.209205 1.209205
4595.108887 0.000000 1986.038086 0.000000 0.425983 0.000000 0.904731 0.678182 0.678182 0.678182
4611.334473 0.000000 1979.041504 0.000000 0.177884 0.000000 -0.984051 1.392686 1.392686 1.392686
4555.845703 0.000000 1978.520020 0.000000 0.033767 0.000000 0.999430 0.623949 0.623949 0.623949
4591.200684 0.000000 1984.214355 0.000000 0.863163 0.000000 -0.504925 1.190283 1.190283 1.190283
4590.035645 0.000000 1988.958862 0.000000 0.174013 0.000000 0.984743 0.484233 0.484233 0.484233
4591.712891 0.000000 1982.258179 0.000000 0.999752 0.000000 0.022249 0.993001 0.993001 0.993001
4592.181641 0.000000 1986.893311 0.000000 0.210995 0.000000 -0.977487 1.501842 1.501842 1.501842
4541.871094 0.000000 2043.016357 0.000000 0.327454 0.000000 -0.944867 1.157524 1.157524 1.157524
4542.000977 0.000000 2041.451660 0.000000 0.763018 0.000000 0.646377 0.901740 0.901740 0.901740
4780.009277 0.000000 1821.805908 0.000000 0.999849 0.000000 0.017355 0.999393 0.999393 0.999393
4780.865234 0.000000 1819.540039 0.000000 0.140651 0.000000 0.990059 0.935753 0.935753 0.935753
4795.267578 0.000000 1832.184692 0.000000 0.904301 0.000000 0.426896 0.986787 0.986787 0.986787
4791.573730 0.000000 1829.913086 0.000000 0.959325 0.000000 -0.282305 1.007145 1.007145 1.007145
4799.325684 0.000000 1833.754150 0.000000 0.568178 0.000000 -0.822905 1.028955 1.028955 1.028955
4788.988770 0.000000 1834.218994 0.000000 0.749312 0.000000 0.662218 0.922302 0.922302 0.922302
4775.251953 0.000000 1846.245728 0.000000 0.138560 0.000000 0.990354 0.982127 0.982127 0.982127
4787.130859 0.000000 1835.753540 0.000000 0.668756 0.000000 0.743482 0.964423 0.964423 0.964423
4760.042969 0.000000 1838.484741 0.000000 0.992899 0.000000 -0.118959 1.007145 1.007145 1.007145
4801.106445 0.000000 1841.383179 0.000000 0.960542 0.000000 -0.278134 1.019702 1.019702 1.019702
4796.495117 0.000000 1838.879517 0.000000 0.850256 0.000000 -0.526370 1.008303 1.008303 1.008303
4799.298828 0.000000 1839.129517 0.000000 0.000524 0.000000 1.000000 0.921595 0.921595 0.921595
4790.408691 0.000000 1846.857300 0.000000 0.453268 0.000000 -0.891374 1.043954 1.043954 1.043954
4793.847656 0.000000 1839.063232 0.000000 0.971496 0.000000 -0.237055 1.013145 1.013145 1.013145
4798.729492 0.000000 1841.469849 0.000000 0.657278 0.000000 0.753648 0.942462 0.942462 0.942462
"}
object={
	name="reeds_01_generator_1_1"
	clamp_to_water_level=no
	render_under_water=no
	generated_content=yes
	layer="grass_layer"
	pdxmesh="reeds_07_grass_mesh"
	count=236
	transform="4532.435547 0.000000 1961.053833 0.000000 0.072255 0.000000 0.997386 0.809208 0.809208 0.809208
4535.360352 0.000000 2014.302612 0.000000 0.206015 0.000000 0.978549 0.976175 0.976175 0.976175
4526.181152 0.000000 2004.346680 0.000000 0.766245 0.000000 0.642548 0.970384 0.970384 0.970384
4516.988281 0.000000 1998.787720 0.000000 0.353090 0.000000 0.935589 0.960732 0.960732 0.960732
4524.759277 0.000000 2007.921753 0.000000 0.912322 0.000000 -0.409474 1.017905 1.017905 1.017905
4515.466797 0.000000 2022.653809 0.000000 0.991016 0.000000 0.133746 0.986269 0.986269 0.986269
4528.032715 0.000000 2025.759033 0.000000 0.955626 0.000000 -0.294583 1.023142 1.023142 1.023142
4524.100586 0.000000 2022.221680 0.000000 0.967842 0.000000 0.251559 0.979685 0.979685 0.979685
4513.761230 0.000000 2013.810791 0.000000 0.967027 0.000000 0.254673 0.985857 0.985857 0.985857
4531.021973 0.000000 1997.761841 0.000000 0.036862 0.000000 0.999320 0.640025 0.640025 0.640025
4490.135742 0.000000 1984.459229 0.000000 0.994973 0.000000 0.100142 0.987979 0.987979 0.987979
4514.961914 0.000000 1997.777466 0.000000 0.053451 0.000000 0.998570 0.928027 0.928027 0.928027
4529.053223 0.000000 1999.498047 0.000000 0.988573 0.000000 -0.150745 1.007178 1.007178 1.007178
4521.096191 0.000000 1994.538086 0.000000 0.439577 0.000000 -0.898205 1.075204 1.075204 1.075204
4529.707520 0.000000 2026.690186 0.000000 0.897996 0.000000 -0.440003 1.030711 1.030711 1.030711
4522.036621 0.000000 2020.264404 0.000000 0.899827 0.000000 -0.436248 1.037191 1.037191 1.037191
4530.187012 0.000000 1996.171753 0.000000 0.588336 0.000000 0.808617 0.778983 0.778983 0.778983
4515.683594 0.000000 1981.390259 0.000000 0.924376 0.000000 0.381482 0.950166 0.950166 0.950166
4512.700195 0.000000 2016.651489 0.000000 0.026838 0.000000 -0.999640 1.165746 1.165746 1.165746
4516.780762 0.000000 2024.071045 0.000000 0.784011 0.000000 0.620746 0.939811 0.939811 0.939811
4513.023438 0.000000 2019.226807 0.000000 0.551801 0.000000 -0.833976 1.096029 1.096029 1.096029
4518.646484 0.000000 1982.281616 0.000000 0.915180 0.000000 0.403046 0.958573 0.958573 0.958573
4513.746582 0.000000 2025.695801 0.000000 0.907758 0.000000 -0.419493 1.045390 1.045390 1.045390
4521.749023 0.000000 1982.524048 0.000000 0.150042 0.000000 -0.988680 1.134731 1.134731 1.134731
4493.103516 0.000000 1986.084717 0.000000 0.565874 0.000000 -0.824492 1.116156 1.116156 1.116156
4502.404785 0.000000 1979.118652 0.000000 0.992531 0.000000 0.121996 0.988397 0.988397 0.988397
4512.952637 0.000000 2015.166626 0.000000 0.954375 0.000000 -0.298610 1.034824 1.034824 1.034824
4530.778320 0.000000 1994.904175 0.000000 0.749629 0.000000 -0.661858 1.158905 1.158905 1.158905
4492.961426 0.000000 1983.324463 0.000000 0.987319 0.000000 -0.158751 1.034627 1.034627 1.034627
4498.093262 0.000000 1975.759888 0.000000 0.763894 0.000000 -0.645342 1.152359 1.152359 1.152359
4500.081055 0.000000 1976.746704 0.000000 0.963920 0.000000 0.266192 0.941478 0.941478 0.941478
4548.826660 0.000000 1954.694458 0.000000 0.182603 0.000000 0.983187 0.979221 0.979221 0.979221
4610.577637 0.000000 1950.512817 0.000000 0.953362 0.000000 -0.301829 1.055879 1.055879 1.055879
4605.624512 0.000000 1949.257935 0.000000 0.967812 0.000000 0.251675 0.954269 0.954269 0.954269
4604.241211 0.000000 1946.877075 0.000000 0.960473 0.000000 -0.278374 1.013381 1.013381 1.013381
4592.371094 0.000000 1966.707520 0.000000 0.561717 0.000000 -0.827330 1.155679 1.155679 1.155679
4544.742188 0.000000 1953.722534 0.000000 0.924639 0.000000 0.380844 0.929770 0.929770 0.929770
4594.479980 0.000000 1963.992676 0.000000 0.062282 0.000000 0.998059 0.792871 0.792871 0.792871
4543.149902 0.000000 1956.945679 0.000000 0.915424 0.000000 -0.402491 1.073425 1.073425 1.073425
4577.465820 0.000000 1958.290649 0.000000 0.574773 0.000000 0.818313 0.827714 0.827714 0.827714
4537.139160 0.000000 1959.528931 0.000000 0.695686 0.000000 0.718346 0.857944 0.857944 0.857944
4588.456055 0.000000 1957.515259 0.000000 0.659740 0.000000 -0.751494 1.144356 1.144356 1.144356
4547.999512 0.000000 1953.383423 0.000000 0.769542 0.000000 -0.638597 1.124509 1.124509 1.124509
4542.266602 0.000000 1950.805054 0.000000 0.415689 0.000000 -0.909507 1.205293 1.205293 1.205293
4585.840820 0.000000 1959.059448 0.000000 0.184269 0.000000 0.982876 0.764796 0.764796 0.764796
4602.908691 0.000000 1968.852783 0.000000 0.839974 0.000000 -0.542626 1.094507 1.094507 1.094507
4549.798828 0.000000 1953.373535 0.000000 0.985176 0.000000 -0.171545 1.027976 1.027976 1.027976
4544.842285 0.000000 1949.238525 0.000000 0.964631 0.000000 0.263604 0.948720 0.948720 0.948720
4598.435547 0.000000 1953.471436 0.000000 0.989132 0.000000 -0.147032 1.017684 1.017684 1.017684
4608.059082 0.000000 1955.761841 0.000000 0.779143 0.000000 0.626846 0.925578 0.925578 0.925578
4553.937988 0.000000 1949.392700 0.000000 0.080790 0.000000 0.996731 0.728465 0.728465 0.728465
4594.825684 0.000000 1967.030762 0.000000 0.039380 0.000000 0.999224 0.743844 0.743844 0.743844
4540.652344 0.000000 1956.295898 0.000000 0.180358 0.000000 -0.983601 1.246286 1.246286 1.246286
4606.688477 0.000000 1954.337524 0.000000 0.781856 0.000000 0.623459 0.912610 0.912610 0.912610
4583.172852 0.000000 1960.077515 0.000000 0.182345 0.000000 0.983235 0.781782 0.781782 0.781782
4576.823242 0.000000 1955.398438 0.000000 0.316764 0.000000 0.948504 0.775584 0.775584 0.775584
4598.093750 0.000000 1964.108765 0.000000 0.425614 0.000000 -0.904905 1.189207 1.189207 1.189207
4605.316406 0.000000 1955.520386 0.000000 0.984728 0.000000 -0.174102 1.022718 1.022718 1.022718
4593.227539 0.000000 1964.456909 0.000000 0.466348 0.000000 0.884602 0.848220 0.848220 0.848220
4597.495117 0.000000 1967.159058 0.000000 0.927866 0.000000 0.372914 0.936079 0.936079 0.936079
4576.153320 0.000000 1957.986572 0.000000 0.767765 0.000000 -0.640732 1.125008 1.125008 1.125008
4579.727539 0.000000 1956.956665 0.000000 0.330846 0.000000 0.943685 0.775180 0.775180 0.775180
4574.933594 0.000000 1958.873657 0.000000 0.967179 0.000000 0.254096 0.953820 0.953820 0.953820
4599.904785 0.000000 1967.462036 0.000000 0.999988 0.000000 0.004817 0.999194 0.999194 0.999194
4600.284180 0.000000 1969.642578 0.000000 0.688047 0.000000 0.725666 0.872286 0.872286 0.872286
4573.754883 0.000000 1957.727173 0.000000 0.450981 0.000000 0.892534 0.787979 0.787979 0.787979
4584.836426 0.000000 1958.423706 0.000000 0.915417 0.000000 -0.402506 1.070326 1.070326 1.070326
4579.040039 0.000000 1955.369507 0.000000 0.665227 0.000000 -0.746642 1.155740 1.155740 1.155740
4608.173340 0.000000 1949.716187 0.000000 0.992802 0.000000 0.119767 0.978120 0.978120 0.978120
4582.209961 0.000000 1958.192749 0.000000 0.966221 0.000000 0.257714 0.953147 0.953147 0.953147
4547.224121 0.000000 1950.266968 0.000000 0.169511 0.000000 -0.985528 1.265720 1.265720 1.265720
4606.741211 0.000000 1951.126831 0.000000 0.928851 0.000000 0.370453 0.931785 0.931785 0.931785
4602.879395 0.000000 1952.281128 0.000000 0.329735 0.000000 0.944074 0.778048 0.778048 0.778048
4544.080566 0.000000 1951.051758 0.000000 0.966926 0.000000 0.255056 0.952997 0.952997 0.952997
4536.910645 0.000000 1956.151855 0.000000 0.768742 0.000000 0.639559 0.876998 0.876998 0.876998
4606.254395 0.000000 1953.347778 0.000000 0.963113 0.000000 0.269096 0.951026 0.951026 0.951026
4592.638184 0.000000 2004.973511 0.000000 0.310515 0.000000 0.950568 0.887200 0.887200 0.887200
4554.339355 0.000000 2002.804321 0.000000 0.912581 0.000000 -0.408895 1.005258 1.005258 1.005258
4576.106445 0.000000 2027.212769 0.000000 0.178321 0.000000 0.983972 0.843671 0.843671 0.843671
4616.044434 0.000000 1995.541138 0.000000 0.999962 0.000000 -0.008693 1.000803 1.000803 1.000803
4535.849609 0.000000 1984.270630 0.000000 0.992202 0.000000 0.124638 0.994384 0.994384 0.994384
4594.929199 0.000000 1981.634277 0.000000 0.337365 0.000000 0.941374 0.944876 0.944876 0.944876
4581.714844 0.000000 1993.561401 0.000000 0.903674 0.000000 -0.428222 1.027620 1.027620 1.027620
4597.645020 0.000000 2011.131226 0.000000 0.298942 0.000000 -0.954271 1.183492 1.183492 1.183492
4557.821289 0.000000 2022.645386 0.000000 0.970554 0.000000 0.240882 0.982994 0.982994 0.982994
4546.456055 0.000000 2014.177002 0.000000 0.345076 0.000000 0.938575 0.926992 0.926992 0.926992
4572.655273 0.000000 1987.695801 0.000000 0.343447 0.000000 0.939172 0.789804 0.789804 0.789804
4561.630859 0.000000 1985.906860 0.000000 0.275400 0.000000 -0.961330 1.058050 1.058050 1.058050
4561.608398 0.000000 2026.851318 0.000000 0.181620 0.000000 -0.983369 1.138625 1.138625 1.138625
4559.165527 0.000000 1984.225342 0.000000 0.984374 0.000000 -0.176092 1.005303 1.005303 1.005303
4538.672852 0.000000 1975.100464 0.000000 0.781207 0.000000 0.624272 0.971386 0.971386 0.971386
4612.611816 0.000000 1988.908325 0.000000 0.535650 0.000000 -0.844440 1.230950 1.230950 1.230950
4535.603516 0.000000 1990.973999 0.000000 0.917052 0.000000 0.398767 0.979520 0.979520 0.979520
4574.595703 0.000000 2007.018433 0.000000 0.138583 0.000000 -0.990351 1.139404 1.139404 1.139404
4601.329590 0.000000 1994.831421 0.000000 0.138930 0.000000 -0.990302 1.092914 1.092914 1.092914
4555.731445 0.000000 2012.316040 0.000000 0.445263 0.000000 -0.895400 1.055390 1.055390 1.055390
4587.981445 0.000000 1996.139282 0.000000 0.574345 0.000000 0.818614 0.894656 0.894656 0.894656
4566.147461 0.000000 1998.550659 0.000000 0.420712 0.000000 -0.907194 1.048237 1.048237 1.048237
4592.298828 0.000000 1981.605469 0.000000 0.323040 0.000000 0.946385 0.900789 0.900789 0.900789
4546.947266 0.000000 2030.509766 0.000000 0.840913 0.000000 -0.541171 1.038545 1.038545 1.038545
4584.555176 0.000000 1988.177002 0.000000 0.583700 0.000000 0.811969 0.903013 0.903013 0.903013
4576.664551 0.000000 2024.805786 0.000000 0.770535 0.000000 -0.637397 1.074192 1.074192 1.074192
4570.979492 0.000000 2005.784668 0.000000 0.354414 0.000000 0.935089 0.948709 0.948709 0.948709
4584.249512 0.000000 1992.880981 0.000000 0.987297 0.000000 -0.158888 1.019520 1.019520 1.019520
4591.836914 0.000000 1998.642822 0.000000 0.993107 0.000000 0.117212 0.983282 0.983282 0.983282
4548.810547 0.000000 2008.894043 0.000000 0.832889 0.000000 -0.553441 1.021963 1.021963 1.021963
4541.871094 0.000000 1975.031982 0.000000 0.769883 0.000000 0.638186 0.930882 0.930882 0.930882
4608.559570 0.000000 1987.745972 0.000000 0.765272 0.000000 -0.643707 1.083804 1.083804 1.083804
4565.866211 0.000000 1980.456177 0.000000 0.999920 0.000000 -0.012665 1.002055 1.002055 1.002055
4570.239746 0.000000 1982.250732 0.000000 0.169563 0.000000 -0.985519 1.090901 1.090901 1.090901
4583.875000 0.000000 2023.089844 0.000000 0.201256 0.000000 0.979539 0.894114 0.894114 0.894114
4581.848145 0.000000 2018.993164 0.000000 0.044278 0.000000 -0.999019 1.179116 1.179116 1.179116
4536.628418 0.000000 2000.823364 0.000000 0.914886 0.000000 0.403711 0.946051 0.946051 0.946051
4567.468262 0.000000 1987.854370 0.000000 0.907763 0.000000 -0.419484 1.024856 1.024856 1.024856
4564.204590 0.000000 2002.634521 0.000000 0.176080 0.000000 -0.984376 1.062634 1.062634 1.062634
4567.881348 0.000000 1994.129761 0.000000 0.905415 0.000000 -0.424528 1.029554 1.029554 1.029554
4577.949219 0.000000 2000.546753 0.000000 0.684908 0.000000 0.728630 0.926633 0.926633 0.926633
4584.487793 0.000000 2000.409424 0.000000 0.172426 0.000000 -0.985022 1.188403 1.188403 1.188403
4572.303711 0.000000 1997.946777 0.000000 0.754737 0.000000 -0.656027 1.039301 1.039301 1.039301
4568.961914 0.000000 1983.923096 0.000000 0.332042 0.000000 0.943264 0.741568 0.741568 0.741568
4535.731934 0.000000 1995.139893 0.000000 0.325906 0.000000 0.945402 0.888660 0.888660 0.888660
4590.988770 0.000000 2000.567993 0.000000 0.188623 0.000000 0.982050 0.803474 0.803474 0.803474
4596.807129 0.000000 1974.129028 0.000000 0.912983 0.000000 0.407999 0.947540 0.947540 0.947540
4552.988770 0.000000 2008.678345 0.000000 0.549297 0.000000 -0.835627 1.066684 1.066684 1.066684
4583.466797 0.000000 1998.673584 0.000000 0.836394 0.000000 -0.548129 1.075312 1.075312 1.075312
4598.259766 0.000000 2005.232910 0.000000 0.163155 0.000000 -0.986600 1.154546 1.154546 1.154546
4566.688477 0.000000 2026.858887 0.000000 0.991384 0.000000 0.130989 0.986226 0.986226 0.986226
4591.622070 0.000000 2010.565796 0.000000 0.863655 0.000000 0.504083 0.920861 0.920861 0.920861
4596.304688 0.000000 2002.549805 0.000000 0.913769 0.000000 -0.406233 1.077284 1.077284 1.077284
4582.524902 0.000000 1991.813354 0.000000 0.338514 0.000000 0.940961 0.895980 0.895980 0.895980
4566.935547 0.000000 1983.695801 0.000000 0.661033 0.000000 -0.750357 1.218213 1.218213 1.218213
4539.314941 0.000000 2005.730957 0.000000 0.003968 0.000000 -0.999992 1.093880 1.093880 1.093880
4553.086426 0.000000 2014.835449 0.000000 0.333470 0.000000 0.942761 0.910889 0.910889 0.910889
4581.782227 0.000000 2022.750977 0.000000 0.201876 0.000000 0.979411 0.832710 0.832710 0.832710
4587.093262 0.000000 1989.835571 0.000000 0.966651 0.000000 0.256099 0.960559 0.960559 0.960559
4587.338867 0.000000 1997.853516 0.000000 0.057352 0.000000 0.998354 0.833754 0.833754 0.833754
4608.271484 0.000000 1976.621338 0.000000 0.407315 0.000000 -0.913288 1.264430 1.264430 1.264430
4588.595703 0.000000 2011.199219 0.000000 0.916599 0.000000 0.399808 0.939416 0.939416 0.939416
4573.941895 0.000000 1988.985840 0.000000 0.038536 0.000000 -0.999257 1.095634 1.095634 1.095634
4589.732910 0.000000 1996.671387 0.000000 0.026087 0.000000 -0.999660 1.131119 1.131119 1.131119
4548.439453 0.000000 2014.260864 0.000000 0.590259 0.000000 0.807214 0.939022 0.939022 0.939022
4545.183594 0.000000 1976.573608 0.000000 0.960597 0.000000 0.277944 0.959920 0.959920 0.959920
4581.598633 0.000000 1998.965332 0.000000 0.156616 0.000000 -0.987660 1.179977 1.179977 1.179977
4574.370117 0.000000 2019.268799 0.000000 0.850797 0.000000 -0.525494 1.062160 1.062160 1.062160
4538.653320 0.000000 2039.461914 0.000000 0.537411 0.000000 -0.843321 1.087679 1.087679 1.087679
4580.333496 0.000000 1997.554443 0.000000 0.316043 0.000000 -0.948745 1.127870 1.127870 1.127870
4560.903809 0.000000 1979.037231 0.000000 0.537877 0.000000 -0.843023 1.175261 1.175261 1.175261
4586.497070 0.000000 1992.048828 0.000000 0.475468 0.000000 0.879733 0.855035 0.855035 0.855035
4610.322266 0.000000 1988.387695 0.000000 0.904339 0.000000 -0.426815 1.056146 1.056146 1.056146
4565.182617 0.000000 2029.579346 0.000000 0.847459 0.000000 0.530861 0.948307 0.948307 0.948307
4551.984863 0.000000 2019.298218 0.000000 0.026855 0.000000 -0.999639 1.119490 1.119490 1.119490
4579.428711 0.000000 2013.163086 0.000000 0.868736 0.000000 0.495275 0.941788 0.941788 0.941788
4545.915039 0.000000 1994.460815 0.000000 0.422449 0.000000 -0.906387 1.280438 1.280438 1.280438
4609.177734 0.000000 1986.250732 0.000000 0.583003 0.000000 0.812470 0.886352 0.886352 0.886352
4586.702148 0.000000 1984.163330 0.000000 0.990700 0.000000 0.136067 0.975806 0.975806 0.975806
4566.466797 0.000000 2028.537476 0.000000 0.020930 0.000000 -0.999781 1.162511 1.162511 1.162511
4597.700684 0.000000 1999.807129 0.000000 0.472978 0.000000 0.881074 0.913869 0.913869 0.913869
4574.834473 0.000000 2028.152222 0.000000 0.902624 0.000000 -0.430430 1.046657 1.046657 1.046657
4543.434082 0.000000 2038.009766 0.000000 0.669756 0.000000 -0.742581 1.119096 1.119096 1.119096
4561.460449 0.000000 2028.413452 0.000000 0.777477 0.000000 0.628911 0.928683 0.928683 0.928683
4546.234375 0.000000 1997.719727 0.000000 0.999592 0.000000 -0.028560 1.002567 1.002567 1.002567
4544.526367 0.000000 1995.140381 0.000000 0.904028 0.000000 -0.427473 1.109169 1.109169 1.109169
4547.274902 0.000000 1992.508423 0.000000 0.407740 0.000000 -0.913098 1.249958 1.249958 1.249958
4611.629395 0.000000 1985.412964 0.000000 0.333024 0.000000 0.942918 0.649568 0.649568 0.649568
4585.129883 0.000000 1994.236084 0.000000 0.025908 0.000000 -0.999664 1.200558 1.200558 1.200558
4579.384277 0.000000 2020.690430 0.000000 0.999957 0.000000 -0.009312 1.001069 1.001069 1.001069
4570.436035 0.000000 2030.954712 0.000000 0.568788 0.000000 0.822484 0.898735 0.898735 0.898735
4577.869141 0.000000 2014.314331 0.000000 0.437057 0.000000 -0.899434 1.117277 1.117277 1.117277
4571.803223 0.000000 2030.165161 0.000000 0.643346 0.000000 -0.765576 1.091427 1.091427 1.091427
4610.403809 0.000000 1979.288940 0.000000 0.842002 0.000000 -0.539474 1.160750 1.160750 1.160750
4543.589844 0.000000 1978.457764 0.000000 0.066622 0.000000 0.997778 0.662039 0.662039 0.662039
4593.412598 0.000000 1989.788330 0.000000 0.752032 0.000000 -0.659127 1.265905 1.265905 1.265905
4535.700195 0.000000 1999.758911 0.000000 0.960801 0.000000 -0.277238 1.034365 1.034365 1.034365
4592.265137 0.000000 2011.862061 0.000000 0.987788 0.000000 -0.155804 1.024215 1.024215 1.024215
4590.518555 0.000000 1999.240967 0.000000 0.855684 0.000000 0.517499 0.922598 0.922598 0.922598
4594.608398 0.000000 1976.229126 0.000000 0.209677 0.000000 0.977771 0.857444 0.857444 0.857444
4609.958496 0.000000 1976.551880 0.000000 0.987218 0.000000 -0.159373 1.036762 1.036762 1.036762
4581.686523 0.000000 2017.605713 0.000000 0.957375 0.000000 -0.288849 1.035114 1.035114 1.035114
4590.644043 0.000000 2013.973999 0.000000 0.921183 0.000000 0.389129 0.930152 0.930152 0.930152
4545.307617 0.000000 2038.983276 0.000000 0.746999 0.000000 -0.664825 1.085335 1.085335 1.085335
4568.120605 0.000000 1985.102783 0.000000 0.969785 0.000000 0.243962 0.932935 0.932935 0.932935
4599.593750 0.000000 2008.379883 0.000000 0.335623 0.000000 0.941996 0.843579 0.843579 0.843579
4545.461426 0.000000 1977.857178 0.000000 0.999968 0.000000 -0.008039 1.001144 1.001144 1.001144
4593.215820 0.000000 1998.382324 0.000000 0.188442 0.000000 0.982084 0.803448 0.803448 0.803448
4610.670898 0.000000 1983.004028 0.000000 0.674270 0.000000 -0.738485 1.224012 1.224012 1.224012
4590.793945 0.000000 2001.894409 0.000000 0.653727 0.000000 -0.756730 1.122138 1.122138 1.122138
4589.510742 0.000000 1984.224854 0.000000 0.999800 0.000000 -0.019988 1.006288 1.006288 1.006288
4595.387695 0.000000 2003.604004 0.000000 0.689209 0.000000 0.724563 0.823981 0.823981 0.823981
4559.034180 0.000000 1977.604858 0.000000 0.687749 0.000000 0.725949 0.890476 0.890476 0.890476
4592.498535 0.000000 1990.659424 0.000000 0.924989 0.000000 0.379993 0.927989 0.927989 0.927989
4610.069336 0.000000 1981.533203 0.000000 0.286087 0.000000 -0.958204 1.300539 1.300539 1.300539
4595.747070 0.000000 1988.463135 0.000000 0.683270 0.000000 0.730166 0.879428 0.879428 0.879428
4597.744141 0.000000 2007.705078 0.000000 0.916782 0.000000 0.399388 0.936406 0.936406 0.936406
4599.159180 0.000000 2006.042603 0.000000 0.915603 0.000000 0.402083 0.936984 0.936984 0.936984
4592.193848 0.000000 1971.667358 0.000000 0.317135 0.000000 -0.948380 1.186955 1.186955 1.186955
4593.409668 0.000000 1988.279907 0.000000 0.862957 0.000000 0.505277 0.804281 0.804281 0.804281
4571.940918 0.000000 1986.655151 0.000000 0.758826 0.000000 -0.651294 1.169994 1.169994 1.169994
4593.819336 0.000000 1986.230713 0.000000 0.002762 0.000000 -0.999996 1.579372 1.579372 1.579372
4590.500977 0.000000 1983.621582 0.000000 0.026490 0.000000 -0.999649 1.485784 1.485784 1.485784
4573.876465 0.000000 2010.261963 0.000000 0.579976 0.000000 0.814633 0.774189 0.774189 0.774189
4595.169434 0.000000 2002.473877 0.000000 0.956345 0.000000 -0.292241 1.064415 1.064415 1.064415
4554.976074 0.000000 1979.083618 0.000000 0.987757 0.000000 -0.156001 1.038324 1.038324 1.038324
4592.113770 0.000000 1991.754639 0.000000 0.848491 0.000000 0.529210 0.896974 0.896974 0.896974
4588.032715 0.000000 1989.236694 0.000000 0.678823 0.000000 0.734302 0.804419 0.804419 0.804419
4535.648438 0.000000 1996.287109 0.000000 0.762853 0.000000 -0.646572 1.187815 1.187815 1.187815
4545.410645 0.000000 1992.171997 0.000000 0.993229 0.000000 0.116172 0.972094 0.972094 0.972094
4612.638672 0.000000 1985.712158 0.000000 0.311491 0.000000 -0.950249 1.300553 1.300553 1.300553
4574.492676 0.000000 2008.132446 0.000000 0.999731 0.000000 -0.023190 1.006311 1.006311 1.006311
4595.390137 0.000000 1971.547485 0.000000 0.837849 0.000000 -0.545902 1.112450 1.112450 1.112450
4566.992188 0.000000 1982.639160 0.000000 0.675079 0.000000 0.737745 0.786641 0.786641 0.786641
4565.964355 0.000000 1983.406250 0.000000 0.464201 0.000000 0.885730 0.744658 0.744658 0.744658
4590.932129 0.000000 1982.617065 0.000000 0.022545 0.000000 -0.999746 1.487025 1.487025 1.487025
4559.964844 0.000000 1979.655640 0.000000 0.791310 0.000000 0.611415 0.834123 0.834123 0.834123
4593.903320 0.000000 1987.458740 0.000000 0.958543 0.000000 -0.284949 1.106765 1.106765 1.106765
4610.633301 0.000000 1985.652466 0.000000 0.764650 0.000000 0.644446 0.800690 0.800690 0.800690
4575.109375 0.000000 2008.987915 0.000000 0.531248 0.000000 -0.847216 1.275042 1.275042 1.275042
4592.645020 0.000000 1987.917847 0.000000 0.929718 0.000000 0.368271 0.860648 0.860648 0.860648
4592.572754 0.000000 1989.726196 0.000000 0.901370 0.000000 -0.433050 1.165484 1.165484 1.165484
4588.983398 0.000000 1987.674927 0.000000 0.999671 0.000000 -0.025651 1.009543 1.009543 1.009543
4619.595703 0.000000 1990.973999 0.000000 0.004713 0.000000 -0.999989 1.109475 1.109475 1.109475
4543.243652 0.000000 2040.536255 0.000000 0.036852 0.000000 -0.999321 1.214455 1.214455 1.214455
4790.743164 0.000000 1730.032471 0.000000 0.536062 0.000000 -0.844178 1.017564 1.017564 1.017564
4754.320312 0.000000 1831.094727 0.000000 0.543842 0.000000 -0.839188 1.091983 1.091983 1.091983
4782.974121 0.000000 1821.400024 0.000000 0.440120 0.000000 -0.897939 1.064028 1.064028 1.064028
4785.418457 0.000000 1822.936035 0.000000 0.434662 0.000000 -0.900594 1.039186 1.039186 1.039186
4786.516602 0.000000 1834.439819 0.000000 0.856584 0.000000 0.516008 0.976989 0.976989 0.976989
4755.727051 0.000000 1829.535278 0.000000 0.852257 0.000000 -0.523123 1.031611 1.031611 1.031611
4756.413574 0.000000 1831.445923 0.000000 0.866898 0.000000 0.498486 0.923133 0.923133 0.923133
4787.835449 0.000000 1822.427246 0.000000 0.324774 0.000000 0.945792 0.987617 0.987617 0.987617
4791.517090 0.000000 1834.008179 0.000000 0.868857 0.000000 0.495062 0.970261 0.970261 0.970261
4794.408691 0.000000 1829.436523 0.000000 0.060099 0.000000 0.998192 0.935886 0.935886 0.935886
4770.416504 0.000000 1848.171387 0.000000 0.751157 0.000000 -0.660123 1.030599 1.030599 1.030599
4779.756348 0.000000 1846.087769 0.000000 0.913112 0.000000 -0.407708 1.016775 1.016775 1.016775
4762.668457 0.000000 1838.175903 0.000000 0.922091 0.000000 0.386974 0.986112 0.986112 0.986112
4796.885254 0.000000 1843.167114 0.000000 0.902412 0.000000 -0.430875 1.008897 1.008897 1.008897
4788.446777 0.000000 1837.610229 0.000000 0.867914 0.000000 0.496714 0.959771 0.959771 0.959771
"}
object={
	name="reeds_01_generator_1_2"
	clamp_to_water_level=no
	render_under_water=no
	generated_content=yes
	layer="grass_layer"
	pdxmesh="reeds_01_tall_grass_mesh"
	count=511
	transform="4532.021484 0.000000 1958.614014 0.000000 0.510373 0.000000 0.859953 0.850107 0.850107 0.850107
4534.769043 0.000000 1958.663330 0.000000 0.264323 0.000000 0.964434 0.775492 0.775492 0.775492
4533.549805 0.000000 1960.318115 0.000000 0.999044 0.000000 -0.043710 1.005567 1.005567 1.005567
4527.406738 0.000000 2010.711792 0.000000 0.786850 0.000000 0.617144 0.981735 0.981735 0.981735
4531.145508 0.000000 2000.117432 0.000000 0.895948 0.000000 0.444159 0.978169 0.978169 0.978169
4524.910645 0.000000 1997.599121 0.000000 0.628982 0.000000 -0.777420 1.051136 1.051136 1.051136
4525.131836 0.000000 2024.733765 0.000000 0.119679 0.000000 0.992813 0.884094 0.884094 0.884094
4533.673340 0.000000 2003.327515 0.000000 0.797529 0.000000 -0.603281 1.022635 1.022635 1.022635
4528.662109 0.000000 1997.225098 0.000000 0.113493 0.000000 0.993539 0.883596 0.883596 0.883596
4516.037109 0.000000 2025.638794 0.000000 0.823854 0.000000 0.566802 0.945839 0.945839 0.945839
4512.719238 0.000000 2020.912109 0.000000 0.984028 0.000000 -0.178014 1.018319 1.018319 1.018319
4533.859375 0.000000 1998.387085 0.000000 0.144937 0.000000 -0.989441 1.110312 1.110312 1.110312
4535.221191 0.000000 1995.819214 0.000000 0.969695 0.000000 0.244318 0.977817 0.977817 0.977817
4524.332031 0.000000 1984.846436 0.000000 0.945912 0.000000 0.324424 0.979378 0.979378 0.979378
4534.473145 0.000000 1976.004272 0.000000 0.999004 0.000000 0.044613 0.997549 0.997549 0.997549
4525.419434 0.000000 1980.394287 0.000000 0.999533 0.000000 0.030556 0.997787 0.997787 0.997787
4534.578125 0.000000 2000.885986 0.000000 0.802733 0.000000 -0.596338 1.031902 1.031902 1.031902
4492.405273 0.000000 1978.201294 0.000000 0.113379 0.000000 -0.993552 1.163706 1.163706 1.163706
4524.567383 0.000000 1987.745972 0.000000 0.973802 0.000000 0.227397 0.987400 0.987400 0.987400
4533.936035 0.000000 1982.573608 0.000000 0.081008 0.000000 0.996713 0.933056 0.933056 0.933056
4533.984863 0.000000 1989.418945 0.000000 0.890342 0.000000 0.455293 0.976398 0.976398 0.976398
4511.661621 0.000000 2018.081665 0.000000 0.391396 0.000000 -0.920222 1.142962 1.142962 1.142962
4526.764160 0.000000 1995.589844 0.000000 0.248973 0.000000 -0.968511 1.052694 1.052694 1.052694
4533.839844 0.000000 1993.890991 0.000000 0.821339 0.000000 0.570440 0.974236 0.974236 0.974236
4526.619629 0.000000 1984.307983 0.000000 0.227966 0.000000 0.973669 0.926357 0.926357 0.926357
4532.373047 0.000000 1978.456421 0.000000 0.800670 0.000000 -0.599105 1.030471 1.030471 1.030471
4525.245605 0.000000 1999.784668 0.000000 0.412681 0.000000 -0.910875 1.071489 1.071489 1.071489
4532.432129 0.000000 2005.123657 0.000000 0.981370 0.000000 0.192127 0.990347 0.990347 0.990347
4519.445312 0.000000 2010.126099 0.000000 0.924049 0.000000 -0.382275 1.032317 1.032317 1.032317
4526.857910 0.000000 1998.382446 0.000000 0.095363 0.000000 0.995443 0.930021 0.930021 0.930021
4493.488770 0.000000 1987.569580 0.000000 0.513660 0.000000 0.857994 0.876409 0.876409 0.876409
4518.050781 0.000000 2014.963501 0.000000 0.709693 0.000000 0.704511 0.919983 0.919983 0.919983
4525.432617 0.000000 1982.587402 0.000000 0.240410 0.000000 -0.970671 1.086201 1.086201 1.086201
4528.244141 0.000000 2027.980469 0.000000 0.359507 0.000000 0.933143 0.918906 0.918906 0.918906
4517.938477 0.000000 2026.307251 0.000000 0.370337 0.000000 -0.928897 1.121952 1.121952 1.121952
4518.028320 0.000000 1979.019409 0.000000 0.497976 0.000000 -0.867191 1.123150 1.123150 1.123150
4512.052246 0.000000 2026.092407 0.000000 0.001059 0.000000 -0.999999 1.164595 1.164595 1.164595
4514.621094 0.000000 2024.301025 0.000000 0.800889 0.000000 -0.598813 1.065716 1.065716 1.065716
4517.614746 0.000000 2012.085815 0.000000 0.799496 0.000000 0.600671 0.934046 0.934046 0.934046
4516.187500 0.000000 2027.448730 0.000000 0.118311 0.000000 -0.992977 1.148646 1.148646 1.148646
4508.789062 0.000000 2024.140869 0.000000 0.996948 0.000000 0.078067 0.994537 0.994537 0.994537
4516.252441 0.000000 1979.106689 0.000000 0.817092 0.000000 0.576507 0.926368 0.926368 0.926368
4533.538086 0.000000 1996.563110 0.000000 0.997665 0.000000 -0.068304 1.018260 1.018260 1.018260
4520.494629 0.000000 1987.756348 0.000000 0.371316 0.000000 0.928507 0.913817 0.913817 0.913817
4527.368164 0.000000 2024.215210 0.000000 0.876920 0.000000 -0.480637 1.040055 1.040055 1.040055
4518.145996 0.000000 1990.040039 0.000000 0.515716 0.000000 -0.856759 1.079634 1.079634 1.079634
4516.910645 0.000000 2021.987183 0.000000 0.283074 0.000000 0.959098 0.881413 0.881413 0.881413
4519.912109 0.000000 1983.528442 0.000000 0.721610 0.000000 0.692300 0.923638 0.923638 0.923638
4515.548828 0.000000 2018.604980 0.000000 0.011139 0.000000 0.999938 0.855931 0.855931 0.855931
4528.334473 0.000000 1995.702026 0.000000 0.983052 0.000000 -0.183325 1.036362 1.036362 1.036362
4491.805664 0.000000 1984.832397 0.000000 0.652284 0.000000 -0.757975 1.103082 1.103082 1.103082
4526.992188 0.000000 1980.670288 0.000000 0.392274 0.000000 0.919848 0.860070 0.860070 0.860070
4510.545410 0.000000 2023.694824 0.000000 0.980935 0.000000 0.194335 0.979493 0.979493 0.979493
4497.725586 0.000000 1976.767456 0.000000 0.997059 0.000000 -0.076633 1.016661 1.016661 1.016661
4535.136719 0.000000 1999.461670 0.000000 0.978509 0.000000 -0.206206 1.025408 1.025408 1.025408
4517.811523 0.000000 2013.502197 0.000000 0.584028 0.000000 -0.811733 1.096945 1.096945 1.096945
4498.679199 0.000000 1984.600220 0.000000 0.997679 0.000000 -0.068095 1.007146 1.007146 1.007146
4497.674805 0.000000 1986.291870 0.000000 0.795145 0.000000 0.606419 0.931682 0.931682 0.931682
4510.767090 0.000000 2019.151245 0.000000 0.986736 0.000000 -0.162331 1.019946 1.019946 1.019946
4499.643066 0.000000 1979.115723 0.000000 0.935388 0.000000 -0.353622 1.078505 1.078505 1.078505
4532.155273 0.000000 1996.963623 0.000000 0.735268 0.000000 -0.677776 1.198941 1.198941 1.198941
4490.429199 0.000000 1983.106323 0.000000 0.985152 0.000000 0.171686 0.978893 0.978893 0.978893
4497.708496 0.000000 1979.416016 0.000000 0.969220 0.000000 0.246198 0.945349 0.945349 0.945349
4496.922363 0.000000 1977.986206 0.000000 0.264358 0.000000 0.964425 0.716933 0.716933 0.716933
4511.872559 0.000000 2019.895508 0.000000 0.833077 0.000000 -0.553157 1.071704 1.071704 1.071704
4494.233887 0.000000 1983.565918 0.000000 0.695669 0.000000 -0.718362 1.202085 1.202085 1.202085
4495.567871 0.000000 1980.114990 0.000000 0.406894 0.000000 -0.913475 1.416931 1.416931 1.416931
4494.352539 0.000000 1985.356323 0.000000 0.974189 0.000000 0.225736 0.950544 0.950544 0.950544
4501.957520 0.000000 1975.814087 0.000000 0.803989 0.000000 0.594644 0.888710 0.888710 0.888710
4500.991699 0.000000 1978.345215 0.000000 0.979465 0.000000 -0.201616 1.043586 1.043586 1.043586
4495.125488 0.000000 1982.553711 0.000000 0.633024 0.000000 0.774132 0.776760 0.776760 0.776760
4495.737793 0.000000 1977.962158 0.000000 0.825386 0.000000 0.564569 0.880184 0.880184 0.880184
4496.278320 0.000000 1984.202026 0.000000 0.728298 0.000000 0.685260 0.836023 0.836023 0.836023
4500.706055 0.000000 1974.241333 0.000000 0.968253 0.000000 -0.249971 1.044153 1.044153 1.044153
4492.842285 0.000000 1982.081909 0.000000 0.875886 0.000000 0.482518 0.890634 0.890634 0.890634
4532.793457 0.000000 1994.256348 0.000000 0.926764 0.000000 0.375645 0.927895 0.927895 0.927895
4498.796875 0.000000 1977.206909 0.000000 0.999182 0.000000 0.040436 0.991215 0.991215 0.991215
4494.114258 0.000000 1986.645508 0.000000 0.823932 0.000000 -0.566688 1.130859 1.130859 1.130859
4499.275879 0.000000 1981.187378 0.000000 0.998726 0.000000 0.050456 0.989036 0.989036 0.989036
4533.108398 0.000000 1997.604736 0.000000 0.997223 0.000000 -0.074472 1.019912 1.019912 1.019912
4496.031738 0.000000 1981.976318 0.000000 0.814651 0.000000 0.579952 0.802299 0.802299 0.802299
4497.715820 0.000000 1980.490601 0.000000 0.980207 0.000000 0.197977 0.936314 0.936314 0.936314
4496.686523 0.000000 1980.177979 0.000000 0.875850 0.000000 0.482584 0.839070 0.839070 0.839070
4495.729492 0.000000 1985.309937 0.000000 0.948361 0.000000 0.317192 0.929895 0.929895 0.929895
4495.344727 0.000000 1983.522095 0.000000 0.998513 0.000000 -0.054513 1.013752 1.013752 1.013752
4496.046875 0.000000 1980.878052 0.000000 0.948493 0.000000 -0.316797 1.103010 1.103010 1.103010
4571.384277 0.000000 1958.137451 0.000000 0.748313 0.000000 0.663345 0.990947 0.990947 0.990947
4606.382812 0.000000 1946.067017 0.000000 0.826288 0.000000 0.563248 0.977594 0.977594 0.977594
4580.869629 0.000000 1953.119019 0.000000 0.704469 0.000000 -0.709735 1.092594 1.092594 1.092594
4600.336914 0.000000 1948.429810 0.000000 0.866156 0.000000 -0.499774 1.094071 1.094071 1.094071
4552.469727 0.000000 1949.107422 0.000000 0.983372 0.000000 0.181604 0.966718 0.966718 0.966718
4594.437012 0.000000 1968.390869 0.000000 0.497245 0.000000 -0.867610 1.175695 1.175695 1.175695
4548.439453 0.000000 1946.276489 0.000000 0.865400 0.000000 -0.501082 1.100894 1.100894 1.100894
4588.090332 0.000000 1959.180054 0.000000 0.942839 0.000000 0.333248 0.939778 0.939778 0.939778
4609.619629 0.000000 1949.030884 0.000000 0.890030 0.000000 0.455902 0.913726 0.913726 0.913726
4545.188477 0.000000 1951.149780 0.000000 0.861802 0.000000 -0.507245 1.096953 1.096953 1.096953
4551.984863 0.000000 1951.313843 0.000000 0.867124 0.000000 -0.498092 1.098929 1.098929 1.098929
4539.777832 0.000000 1960.576782 0.000000 0.608921 0.000000 0.793231 0.855914 0.855914 0.855914
4594.178223 0.000000 1970.029785 0.000000 0.975454 0.000000 0.220203 0.956765 0.956765 0.956765
4538.732422 0.000000 1954.221436 0.000000 0.942570 0.000000 -0.334008 1.060365 1.060365 1.060365
4579.677246 0.000000 1954.330933 0.000000 0.241651 0.000000 0.970363 0.754894 0.754894 0.754894
4600.902832 0.000000 1954.002808 0.000000 0.639206 0.000000 -0.769036 1.102944 1.102944 1.102944
4550.215820 0.000000 1948.630737 0.000000 0.904421 0.000000 0.426641 0.915268 0.915268 0.915268
4599.541016 0.000000 1950.620605 0.000000 0.986465 0.000000 -0.163974 1.029608 1.029608 1.029608
4582.465332 0.000000 1953.223511 0.000000 0.390179 0.000000 -0.920739 1.110994 1.110994 1.110994
4601.717773 0.000000 1949.074829 0.000000 0.814415 0.000000 0.580283 0.888720 0.888720 0.888720
4585.209961 0.000000 1960.776733 0.000000 0.290461 0.000000 -0.956887 1.216635 1.216635 1.216635
4604.213867 0.000000 1949.967651 0.000000 0.895571 0.000000 0.444919 0.917120 0.917120 0.917120
4605.480469 0.000000 1966.026611 0.000000 0.646294 0.000000 -0.763088 1.145202 1.145202 1.145202
4547.307129 0.000000 1947.406372 0.000000 0.934181 0.000000 0.356799 0.929865 0.929865 0.929865
4592.737793 0.000000 1970.069824 0.000000 0.986139 0.000000 0.165919 0.975031 0.975031 0.975031
4604.612793 0.000000 1963.923706 0.000000 0.733775 0.000000 -0.679393 1.124939 1.124939 1.124939
4595.225098 0.000000 1971.105225 0.000000 0.727765 0.000000 0.685827 0.852834 0.852834 0.852834
4547.477051 0.000000 1948.986084 0.000000 0.869695 0.000000 0.493589 0.900766 0.900766 0.900766
4600.473145 0.000000 1951.819824 0.000000 0.998690 0.000000 0.051176 0.990797 0.990797 0.990797
4541.613770 0.000000 1954.339478 0.000000 0.228653 0.000000 -0.973508 1.240885 1.240885 1.240885
4583.694824 0.000000 1956.492432 0.000000 0.381305 0.000000 -0.924449 1.212033 1.212033 1.212033
4599.376953 0.000000 1966.320312 0.000000 0.632341 0.000000 0.774690 0.851762 0.851762 0.851762
4604.521484 0.000000 1948.340698 0.000000 0.522583 0.000000 -0.852588 1.183511 1.183511 1.183511
4602.859375 0.000000 1965.945801 0.000000 0.343294 0.000000 -0.939228 1.204130 1.204130 1.204130
4538.135254 0.000000 1956.079590 0.000000 0.266712 0.000000 -0.963776 1.217586 1.217586 1.217586
4537.513184 0.000000 1963.759277 0.000000 0.415217 0.000000 -0.909722 1.159745 1.159745 1.159745
4593.514160 0.000000 1967.446289 0.000000 0.996053 0.000000 -0.088758 1.014200 1.014200 1.014200
4596.316895 0.000000 1968.593018 0.000000 0.797219 0.000000 0.603690 0.898062 0.898062 0.898062
4549.472168 0.000000 1950.937866 0.000000 0.811690 0.000000 -0.584088 1.118350 1.118350 1.118350
4600.515625 0.000000 1965.176514 0.000000 0.806972 0.000000 0.590590 0.894321 0.894321 0.894321
4577.019043 0.000000 1953.899780 0.000000 0.978739 0.000000 -0.205112 1.034038 1.034038 1.034038
4545.201172 0.000000 1952.486084 0.000000 0.814431 0.000000 0.580261 0.888725 0.888725 0.888725
4600.079590 0.000000 1953.018433 0.000000 0.978831 0.000000 -0.204670 1.037052 1.037052 1.037052
4539.285645 0.000000 1956.991943 0.000000 0.979067 0.000000 -0.203538 1.034285 1.034285 1.034285
4578.616699 0.000000 1959.254150 0.000000 0.898732 0.000000 0.438499 0.917273 0.917273 0.917273
4572.640625 0.000000 1958.289551 0.000000 0.260044 0.000000 -0.965597 1.202418 1.202418 1.202418
4586.438965 0.000000 1961.880371 0.000000 0.016042 0.000000 -0.999871 1.275588 1.275588 1.275588
4598.352539 0.000000 1951.110840 0.000000 0.643454 0.000000 -0.765485 1.156706 1.156706 1.156706
4577.248535 0.000000 1959.719604 0.000000 0.939715 0.000000 -0.341958 1.062733 1.062733 1.062733
4575.684570 0.000000 1955.999512 0.000000 0.999039 0.000000 -0.043821 1.007879 1.007879 1.007879
4581.606934 0.000000 1956.059326 0.000000 0.261556 0.000000 -0.965188 1.247828 1.247828 1.247828
4584.209961 0.000000 1961.600098 0.000000 0.943954 0.000000 -0.330077 1.057107 1.057107 1.057107
4582.726562 0.000000 1955.527222 0.000000 0.532127 0.000000 -0.846664 1.186534 1.186534 1.186534
4570.344727 0.000000 1957.553955 0.000000 0.888051 0.000000 0.459744 0.926058 0.926058 0.926058
4607.809570 0.000000 1964.269775 0.000000 0.375170 0.000000 0.926956 0.801583 0.801583 0.801583
4588.141602 0.000000 1956.340698 0.000000 0.998382 0.000000 0.056870 0.990340 0.990340 0.990340
4587.347168 0.000000 1954.071777 0.000000 0.101039 0.000000 -0.994882 1.253153 1.253153 1.253153
4578.643066 0.000000 1953.667480 0.000000 0.248168 0.000000 -0.968717 1.204319 1.204319 1.204319
4586.014648 0.000000 1957.032349 0.000000 0.885265 0.000000 0.465086 0.913048 0.913048 0.913048
4600.238281 0.000000 1949.616455 0.000000 0.386618 0.000000 -0.922240 1.210999 1.210999 1.210999
4582.986816 0.000000 1954.348145 0.000000 0.730418 0.000000 -0.683001 1.138903 1.138903 1.138903
4551.797363 0.000000 1950.126709 0.000000 0.997200 0.000000 0.074776 0.985799 0.985799 0.985799
4589.238770 0.000000 1959.732178 0.000000 0.821678 0.000000 -0.569951 1.107496 1.107496 1.107496
4537.307617 0.000000 1958.385986 0.000000 0.490264 0.000000 -0.871574 1.187607 1.187607 1.187607
4606.780762 0.000000 1948.935791 0.000000 0.999099 0.000000 0.042439 0.992369 0.992369 0.992369
4543.950684 0.000000 1954.558594 0.000000 0.954639 0.000000 -0.297767 1.054348 1.054348 1.054348
4601.392090 0.000000 1967.647583 0.000000 0.891889 0.000000 0.452255 0.921502 0.921502 0.921502
4601.611328 0.000000 1951.530762 0.000000 0.242580 0.000000 -0.970131 1.238310 1.238310 1.238310
4585.026367 0.000000 1954.719604 0.000000 0.731207 0.000000 -0.682156 1.142437 1.142437 1.142437
4578.169434 0.000000 1957.450806 0.000000 0.796069 0.000000 0.605206 0.881534 0.881534 0.881534
4553.418945 0.000000 1948.382324 0.000000 0.741367 0.000000 -0.671100 1.134078 1.134078 1.134078
4545.213867 0.000000 1954.839355 0.000000 0.620424 0.000000 -0.784267 1.162048 1.162048 1.162048
4572.648926 0.000000 1954.108643 0.000000 0.975636 0.000000 0.219397 0.959135 0.959135 0.959135
4572.569824 0.000000 1955.854004 0.000000 0.893523 0.000000 0.449017 0.913971 0.913971 0.913971
4556.997559 0.000000 2026.092285 0.000000 0.794553 0.000000 0.607194 0.969048 0.969048 0.969048
4571.384277 0.000000 2026.121826 0.000000 0.875869 0.000000 0.482549 0.947199 0.947199 0.947199
4566.226074 0.000000 2001.267822 0.000000 0.266693 0.000000 -0.963782 1.029228 1.029228 1.029228
4589.195312 0.000000 1998.529297 0.000000 0.250510 0.000000 0.968114 0.815792 0.815792 0.815792
4564.927734 0.000000 2027.843750 0.000000 0.824027 0.000000 0.566550 0.944363 0.944363 0.944363
4598.853027 0.000000 2007.214966 0.000000 0.880575 0.000000 -0.473907 1.075189 1.075189 1.075189
4572.591797 0.000000 2019.731201 0.000000 0.136185 0.000000 0.990683 0.846038 0.846038 0.846038
4562.251465 0.000000 1982.655273 0.000000 0.269681 0.000000 0.962950 0.714893 0.714893 0.714893
4551.795898 0.000000 2027.632812 0.000000 0.411008 0.000000 -0.911632 1.017185 1.017185 1.017185
4538.212891 0.000000 2010.689331 0.000000 0.901378 0.000000 -0.433034 1.019008 1.019008 1.019008
4593.948730 0.000000 1997.261841 0.000000 0.932175 0.000000 0.362009 0.978730 0.978730 0.978730
4561.601074 0.000000 2023.870361 0.000000 0.006510 0.000000 0.999979 0.855503 0.855503 0.855503
4560.454102 0.000000 2029.601562 0.000000 0.406912 0.000000 0.913467 0.879236 0.879236 0.879236
4549.129883 0.000000 1977.351929 0.000000 0.999678 0.000000 -0.025359 1.000380 1.000380 1.000380
4571.721191 0.000000 1984.268555 0.000000 0.798676 0.000000 -0.601762 1.145083 1.145083 1.145083
4550.573730 0.000000 2018.226196 0.000000 0.207054 0.000000 -0.978329 1.105427 1.105427 1.105427
4540.739258 0.000000 1977.211548 0.000000 0.112541 0.000000 0.993647 0.657839 0.657839 0.657839
4544.518555 0.000000 1974.848267 0.000000 0.835474 0.000000 -0.549529 1.053742 1.053742 1.053742
4554.111328 0.000000 1985.114990 0.000000 0.716974 0.000000 0.697100 0.988446 0.988446 0.988446
4593.035156 0.000000 2001.069336 0.000000 0.712499 0.000000 0.701673 0.889325 0.889325 0.889325
4574.398438 0.000000 2023.815674 0.000000 0.883090 0.000000 0.469203 0.948790 0.948790 0.948790
4612.654297 0.000000 1997.225098 0.000000 0.617499 0.000000 0.786571 0.918641 0.918641 0.918641
4555.990723 0.000000 1999.412231 0.000000 0.485523 0.000000 -0.874224 1.058430 1.058430 1.058430
4573.046387 0.000000 2029.456055 0.000000 0.525082 0.000000 -0.851051 1.106741 1.106741 1.106741
4596.242676 0.000000 2004.562744 0.000000 0.998919 0.000000 -0.046493 1.006967 1.006967 1.006967
4561.952637 0.000000 2002.285156 0.000000 0.726021 0.000000 0.687673 0.981069 0.981069 0.981069
4575.760742 0.000000 1982.629639 0.000000 0.798636 0.000000 0.601814 0.970980 0.970980 0.970980
4609.613770 0.000000 1989.993042 0.000000 0.232322 0.000000 -0.972639 1.103423 1.103423 1.103423
4537.180664 0.000000 2023.094604 0.000000 0.793333 0.000000 0.608788 0.960782 0.960782 0.960782
4564.746094 0.000000 2031.266602 0.000000 0.633819 0.000000 0.773482 0.911690 0.911690 0.911690
4557.515137 0.000000 1996.299683 0.000000 0.738871 0.000000 -0.673847 1.016614 1.016614 1.016614
4591.640625 0.000000 2008.637817 0.000000 0.388606 0.000000 -0.921404 1.166734 1.166734 1.166734
4551.981934 0.000000 2024.092407 0.000000 0.254005 0.000000 -0.967203 1.082010 1.082010 1.082010
4589.456055 0.000000 2001.971680 0.000000 0.934163 0.000000 0.356846 0.948075 0.948075 0.948075
4590.323242 0.000000 2012.046021 0.000000 0.624463 0.000000 -0.781054 1.156645 1.156645 1.156645
4570.833496 0.000000 2016.932739 0.000000 0.003626 0.000000 0.999993 0.953050 0.953050 0.953050
4568.413574 0.000000 2028.123169 0.000000 0.261088 0.000000 0.965315 0.862992 0.862992 0.862992
4580.869629 0.000000 2021.103394 0.000000 0.975812 0.000000 0.218609 0.974140 0.974140 0.974140
4575.710449 0.000000 2020.439697 0.000000 0.222529 0.000000 -0.974926 1.144537 1.144537 1.144537
4544.916504 0.000000 1993.119751 0.000000 0.948428 0.000000 0.316991 0.922694 0.922694 0.922694
4549.124023 0.000000 2025.893921 0.000000 0.131007 0.000000 0.991381 0.859851 0.859851 0.859851
4606.750000 0.000000 1995.356567 0.000000 0.818836 0.000000 0.574028 0.958786 0.958786 0.958786
4541.452148 0.000000 2010.860229 0.000000 0.505129 0.000000 0.863044 0.935011 0.935011 0.935011
4562.496582 0.000000 1979.752686 0.000000 0.358393 0.000000 0.933571 0.870722 0.870722 0.870722
4565.148926 0.000000 1982.796143 0.000000 0.236066 0.000000 0.971737 0.687299 0.687299 0.687299
4535.838867 0.000000 2008.778564 0.000000 0.690790 0.000000 -0.723055 1.024213 1.024213 1.024213
4613.436523 0.000000 1994.545288 0.000000 0.635319 0.000000 0.772250 0.918493 0.918493 0.918493
4584.312988 0.000000 1995.479858 0.000000 0.484625 0.000000 -0.874722 1.138241 1.138241 1.138241
4567.976074 0.000000 1979.015503 0.000000 0.995486 0.000000 -0.094909 1.005695 1.005695 1.005695
4548.623047 0.000000 2016.151489 0.000000 0.636649 0.000000 0.771154 0.953830 0.953830 0.953830
4535.950684 0.000000 1978.291016 0.000000 0.485112 0.000000 -0.874452 1.050485 1.050485 1.050485
4547.533691 0.000000 1993.976562 0.000000 0.107240 0.000000 -0.994233 1.317839 1.317839 1.317839
4543.004883 0.000000 1995.573120 0.000000 0.823381 0.000000 -0.567488 1.150655 1.150655 1.150655
4555.989258 0.000000 1979.550171 0.000000 0.936713 0.000000 0.350097 0.912491 0.912491 0.912491
4570.975586 0.000000 2002.377930 0.000000 0.748829 0.000000 0.662763 0.972869 0.972869 0.972869
4586.972168 0.000000 2000.587646 0.000000 0.374439 0.000000 0.927252 0.831085 0.831085 0.831085
4573.202637 0.000000 1981.974243 0.000000 0.470953 0.000000 -0.882158 1.043157 1.043157 1.043157
4577.809570 0.000000 2012.705322 0.000000 0.748281 0.000000 0.663382 0.933000 0.933000 0.933000
4574.751953 0.000000 1993.461548 0.000000 0.609484 0.000000 0.792798 0.949723 0.949723 0.949723
4544.150879 0.000000 2010.872192 0.000000 0.785284 0.000000 -0.619135 1.033336 1.033336 1.033336
4571.778320 0.000000 2031.724243 0.000000 0.883138 0.000000 -0.469114 1.051199 1.051199 1.051199
4564.281738 0.000000 1985.321411 0.000000 0.831519 0.000000 -0.555496 1.033818 1.033818 1.033818
4559.575195 0.000000 2025.346680 0.000000 0.618015 0.000000 0.786166 0.909667 0.909667 0.909667
4562.229492 0.000000 2031.544312 0.000000 0.606385 0.000000 -0.795171 1.096392 1.096392 1.096392
4571.960449 0.000000 2022.975708 0.000000 0.945976 0.000000 0.324237 0.988459 0.988459 0.988459
4605.326172 0.000000 1984.284546 0.000000 0.977221 0.000000 -0.212226 1.013347 1.013347 1.013347
4594.684082 0.000000 1974.144653 0.000000 0.800932 0.000000 -0.598755 1.088146 1.088146 1.088146
4547.817383 0.000000 1997.708008 0.000000 0.497926 0.000000 0.867219 0.905667 0.905667 0.905667
4572.303223 0.000000 1993.066162 0.000000 0.986717 0.000000 -0.162449 1.008962 1.008962 1.008962
4595.500000 0.000000 2000.685181 0.000000 0.486306 0.000000 -0.873789 1.148606 1.148606 1.148606
4540.781738 0.000000 2000.023071 0.000000 0.416169 0.000000 0.909287 0.948700 0.948700 0.948700
4566.900391 0.000000 2030.147095 0.000000 0.820837 0.000000 -0.571163 1.068297 1.068297 1.068297
4570.455078 0.000000 2029.486450 0.000000 0.342148 0.000000 0.939646 0.871910 0.871910 0.871910
4538.352539 0.000000 1977.825684 0.000000 0.384159 0.000000 0.923267 0.950068 0.950068 0.950068
4599.285645 0.000000 1993.195801 0.000000 0.133696 0.000000 0.991022 0.899570 0.899570 0.899570
4562.877441 0.000000 2029.105469 0.000000 0.340572 0.000000 0.940218 0.877842 0.877842 0.877842
4535.671875 0.000000 1981.737793 0.000000 0.252815 0.000000 0.967515 0.944181 0.944181 0.944181
4580.283691 0.000000 2017.129028 0.000000 0.971730 0.000000 0.236096 0.971438 0.971438 0.971438
4593.696777 0.000000 1991.161255 0.000000 0.712466 0.000000 -0.701707 1.143692 1.143692 1.143692
4562.688965 0.000000 1977.344849 0.000000 0.736740 0.000000 -0.676176 1.031515 1.031515 1.031515
4546.752930 0.000000 1977.438599 0.000000 0.112946 0.000000 -0.993601 1.065502 1.065502 1.065502
4557.151367 0.000000 2010.194702 0.000000 0.829714 0.000000 -0.558190 1.026612 1.026612 1.026612
4615.014160 0.000000 1997.761841 0.000000 0.274061 0.000000 0.961712 0.880546 0.880546 0.880546
4573.711426 0.000000 2026.968506 0.000000 0.881965 0.000000 -0.471315 1.051461 1.051461 1.051461
4593.319336 0.000000 1972.251099 0.000000 0.943084 0.000000 0.332555 0.950911 0.950911 0.950911
4594.190430 0.000000 2003.198608 0.000000 0.978588 0.000000 0.205828 0.954972 0.954972 0.954972
4587.311035 0.000000 2003.201904 0.000000 0.485576 0.000000 0.874195 0.848621 0.848621 0.848621
4541.862305 0.000000 2038.209717 0.000000 0.209139 0.000000 0.977886 0.850595 0.850595 0.850595
4538.671875 0.000000 1998.886841 0.000000 0.734033 0.000000 -0.679114 1.119284 1.119284 1.119284
4542.647461 0.000000 1988.567627 0.000000 0.095606 0.000000 -0.995419 1.184126 1.184126 1.184126
4577.420410 0.000000 2016.674438 0.000000 0.812279 0.000000 0.583269 0.934702 0.934702 0.934702
4614.076660 0.000000 1982.469116 0.000000 0.876773 0.000000 0.480905 0.959920 0.959920 0.959920
4546.807129 0.000000 1989.401489 0.000000 0.985757 0.000000 -0.168176 1.022359 1.022359 1.022359
4570.003906 0.000000 2024.317383 0.000000 0.805025 0.000000 0.593240 0.957191 0.957191 0.957191
4547.140625 0.000000 2011.987061 0.000000 0.280818 0.000000 0.959761 0.938992 0.938992 0.938992
4535.593262 0.000000 2017.382202 0.000000 0.953804 0.000000 0.300430 0.981717 0.981717 0.981717
4537.677246 0.000000 2020.797729 0.000000 0.806417 0.000000 0.591348 0.957350 0.957350 0.957350
4552.291504 0.000000 2001.559204 0.000000 0.703392 0.000000 0.710802 0.956575 0.956575 0.956575
4595.507812 0.000000 1983.779907 0.000000 0.228785 0.000000 0.973477 0.842771 0.842771 0.842771
4601.029297 0.000000 2007.904785 0.000000 0.719485 0.000000 -0.694508 1.047917 1.047917 1.047917
4606.658691 0.000000 1997.806519 0.000000 0.095609 0.000000 0.995419 0.900572 0.900572 0.900572
4594.677734 0.000000 2006.279907 0.000000 0.818949 0.000000 -0.573866 1.090030 1.090030 1.090030
4614.596191 0.000000 1990.583862 0.000000 0.501810 0.000000 -0.864978 1.096539 1.096539 1.096539
4576.421387 0.000000 2014.479248 0.000000 0.609172 0.000000 -0.793038 1.096024 1.096024 1.096024
4592.290039 0.000000 1988.932495 0.000000 0.235795 0.000000 -0.971803 1.492440 1.492440 1.492440
4598.954102 0.000000 1997.777466 0.000000 0.796648 0.000000 0.604444 0.949767 0.949767 0.949767
4575.307129 0.000000 2029.650024 0.000000 0.971399 0.000000 -0.237453 1.025138 1.025138 1.025138
4593.489258 0.000000 2010.055298 0.000000 0.536194 0.000000 0.844095 0.844459 0.844459 0.844459
4609.237793 0.000000 1999.784668 0.000000 0.717669 0.000000 0.696384 0.948073 0.948073 0.948073
4591.895020 0.000000 1996.465088 0.000000 0.883617 0.000000 -0.468211 1.031628 1.031628 1.031628
4539.406738 0.000000 2023.691895 0.000000 0.466866 0.000000 -0.884328 1.065013 1.065013 1.065013
4549.566406 0.000000 1974.459595 0.000000 0.970296 0.000000 -0.241921 1.021961 1.021961 1.021961
4570.472168 0.000000 2019.118164 0.000000 0.077419 0.000000 0.996999 0.921710 0.921710 0.921710
4546.172852 0.000000 1991.442505 0.000000 0.530249 0.000000 0.847842 0.772636 0.772636 0.772636
4575.876953 0.000000 2018.333496 0.000000 0.738828 0.000000 0.673894 0.916925 0.916925 0.916925
4595.560059 0.000000 2010.720703 0.000000 0.123799 0.000000 -0.992307 1.231149 1.231149 1.231149
4570.845215 0.000000 1994.578125 0.000000 0.741008 0.000000 -0.671496 1.044113 1.044113 1.044113
4599.273926 0.000000 2009.682983 0.000000 0.939804 0.000000 0.341714 0.955597 0.955597 0.955597
4554.213379 0.000000 1998.302124 0.000000 0.147558 0.000000 -0.989053 1.078140 1.078140 1.078140
4578.119629 0.000000 2010.474365 0.000000 0.995616 0.000000 -0.093533 1.007016 1.007016 1.007016
4575.456055 0.000000 2004.094971 0.000000 0.587775 0.000000 -0.809024 1.101178 1.101178 1.101178
4611.542969 0.000000 1993.733154 0.000000 0.875177 0.000000 -0.483803 1.037822 1.037822 1.037822
4569.337402 0.000000 2026.259521 0.000000 0.818647 0.000000 -0.574297 1.064145 1.064145 1.064145
4551.229004 0.000000 2011.646118 0.000000 0.993703 0.000000 -0.112042 1.006167 1.006167 1.006167
4591.847656 0.000000 2013.306030 0.000000 0.006173 0.000000 -0.999981 1.273431 1.273431 1.273431
4575.844238 0.000000 2022.411987 0.000000 0.602609 0.000000 0.798036 0.903111 0.903111 0.903111
4563.867188 0.000000 1981.303101 0.000000 0.994019 0.000000 -0.109208 1.028412 1.028412 1.028412
4535.627441 0.000000 2024.417603 0.000000 0.132817 0.000000 0.991141 0.910275 0.910275 0.910275
4563.636230 0.000000 2026.272949 0.000000 0.974297 0.000000 -0.225269 1.020989 1.020989 1.020989
4560.241699 0.000000 1982.512329 0.000000 0.149087 0.000000 0.988824 0.716162 0.716162 0.716162
4592.983398 0.000000 1987.107544 0.000000 0.087225 0.000000 -0.996189 1.548123 1.548123 1.548123
4586.041016 0.000000 1996.505615 0.000000 0.812208 0.000000 -0.583367 1.068421 1.068421 1.068421
4572.873535 0.000000 2005.976318 0.000000 0.980058 0.000000 0.198709 0.968038 0.968038 0.968038
4592.937988 0.000000 2007.051147 0.000000 0.009350 0.000000 0.999956 0.777801 0.777801 0.777801
4572.842773 0.000000 2024.888550 0.000000 0.107813 0.000000 0.994171 0.846621 0.846621 0.846621
4588.784180 0.000000 1986.829956 0.000000 0.821625 0.000000 0.570028 0.774376 0.774376 0.774376
4581.589844 0.000000 1995.428589 0.000000 0.798180 0.000000 -0.602419 1.043580 1.043580 1.043580
4550.075684 0.000000 2024.084473 0.000000 0.813454 0.000000 0.581629 0.961258 0.961258 0.961258
4559.687988 0.000000 2027.204468 0.000000 0.475746 0.000000 0.879583 0.887282 0.887282 0.887282
4580.988281 0.000000 2015.409790 0.000000 0.998602 0.000000 0.052852 0.993664 0.993664 0.993664
4558.310547 0.000000 1976.500854 0.000000 0.272022 0.000000 0.962291 0.825375 0.825375 0.825375
4575.714844 0.000000 2031.717285 0.000000 0.994178 0.000000 -0.107747 1.007007 1.007007 1.007007
4576.428711 0.000000 2011.270630 0.000000 0.136905 0.000000 0.990584 0.860431 0.860431 0.860431
4557.715332 0.000000 1980.441040 0.000000 0.232442 0.000000 0.972610 0.673081 0.673081 0.673081
4571.809570 0.000000 2027.951294 0.000000 0.113904 0.000000 0.993492 0.847264 0.847264 0.847264
4574.956543 0.000000 2025.625732 0.000000 0.995508 0.000000 -0.094674 1.009942 1.009942 1.009942
4551.251953 0.000000 2013.522217 0.000000 0.997155 0.000000 0.075384 0.994914 0.994914 0.994914
4573.954102 0.000000 2031.056274 0.000000 0.972961 0.000000 -0.230968 1.024439 1.024439 1.024439
4616.397461 0.000000 1990.545776 0.000000 0.629489 0.000000 0.777009 0.917798 0.917798 0.917798
4572.924805 0.000000 1985.932007 0.000000 0.505320 0.000000 0.862932 0.911633 0.911633 0.911633
4557.761230 0.000000 2024.448120 0.000000 0.998837 0.000000 0.048225 0.995423 0.995423 0.995423
4614.174805 0.000000 1992.900513 0.000000 0.954965 0.000000 0.296719 0.972172 0.972172 0.972172
4550.604492 0.000000 2000.874878 0.000000 0.001350 0.000000 -0.999999 1.105791 1.105791 1.105791
4597.204102 0.000000 1996.801514 0.000000 0.812005 0.000000 -0.583651 1.052900 1.052900 1.052900
4536.689941 0.000000 1996.726685 0.000000 0.644345 0.000000 -0.764735 1.134761 1.134761 1.134761
4597.630859 0.000000 1975.735596 0.000000 0.808628 0.000000 -0.588320 1.078514 1.078514 1.078514
4590.088867 0.000000 2009.511108 0.000000 0.599074 0.000000 -0.800694 1.132122 1.132122 1.132122
4574.665527 0.000000 2011.035645 0.000000 0.152365 0.000000 0.988324 0.684967 0.684967 0.684967
4543.303711 0.000000 1993.828247 0.000000 0.623475 0.000000 0.781844 0.775905 0.775905 0.775905
4611.109375 0.000000 2002.853394 0.000000 0.872369 0.000000 0.488848 0.956645 0.956645 0.956645
4548.370605 0.000000 2024.352539 0.000000 0.814072 0.000000 -0.580764 1.060334 1.060334 1.060334
4555.090332 0.000000 1977.923950 0.000000 0.902785 0.000000 0.430093 0.924523 0.924523 0.924523
4589.094238 0.000000 2000.271484 0.000000 0.727890 0.000000 -0.685694 1.107518 1.107518 1.107518
4561.334473 0.000000 1981.189697 0.000000 0.995172 0.000000 0.098148 0.974476 0.974476 0.974476
4570.944336 0.000000 1987.439819 0.000000 0.410649 0.000000 -0.911794 1.275051 1.275051 1.275051
4547.272461 0.000000 2026.460449 0.000000 0.740003 0.000000 -0.672603 1.053411 1.053411 1.053411
4574.556641 0.000000 2002.596069 0.000000 0.733059 0.000000 -0.680165 1.065359 1.065359 1.065359
4570.218262 0.000000 2032.737549 0.000000 0.129031 0.000000 0.991641 0.838066 0.838066 0.838066
4557.030273 0.000000 1983.959595 0.000000 0.114043 0.000000 0.993476 0.850914 0.850914 0.850914
4613.088867 0.000000 1980.992798 0.000000 0.981865 0.000000 -0.189581 1.014285 1.014285 1.014285
4619.462402 0.000000 1993.417236 0.000000 0.646316 0.000000 0.763070 0.919816 0.919816 0.919816
4540.281738 0.000000 1975.594727 0.000000 0.208579 0.000000 0.978006 0.864120 0.864120 0.864120
4594.762207 0.000000 1986.972534 0.000000 0.206957 0.000000 0.978350 0.612271 0.612271 0.612271
4584.307617 0.000000 1997.241333 0.000000 0.715921 0.000000 0.698181 0.899668 0.899668 0.899668
4609.018555 0.000000 1978.788940 0.000000 0.720215 0.000000 -0.693750 1.143555 1.143555 1.143555
4577.465820 0.000000 2026.275024 0.000000 0.005489 0.000000 0.999985 0.824146 0.824146 0.824146
4593.520508 0.000000 1975.336548 0.000000 0.065738 0.000000 -0.997837 1.206653 1.206653 1.206653
4558.664551 0.000000 1982.002686 0.000000 0.808075 0.000000 0.589080 0.907215 0.907215 0.907215
4561.807617 0.000000 2022.236206 0.000000 0.403675 0.000000 -0.914902 1.106714 1.106714 1.106714
4588.907227 0.000000 2003.604492 0.000000 0.996669 0.000000 0.081549 0.988994 0.988994 0.988994
4554.239746 0.000000 1979.921509 0.000000 0.713726 0.000000 0.700425 0.810144 0.810144 0.810144
4595.552246 0.000000 1997.373169 0.000000 0.948711 0.000000 -0.316144 1.040152 1.040152 1.040152
4583.874023 0.000000 1989.837769 0.000000 0.999069 0.000000 0.043136 0.996661 0.996661 0.996661
4594.819824 0.000000 1977.615234 0.000000 0.948995 0.000000 -0.315292 1.033634 1.033634 1.033634
4615.710938 0.000000 1993.894653 0.000000 0.718465 0.000000 0.695563 0.928947 0.928947 0.928947
4574.559082 0.000000 2014.778687 0.000000 0.873550 0.000000 -0.486735 1.053303 1.053303 1.053303
4570.143066 0.000000 2027.805786 0.000000 0.887911 0.000000 -0.460014 1.050122 1.050122 1.050122
4538.180176 0.000000 2000.403442 0.000000 0.709908 0.000000 -0.704295 1.138512 1.138512 1.138512
4583.116211 0.000000 1994.396729 0.000000 0.088288 0.000000 0.996095 0.833461 0.833461 0.833461
4589.731445 0.000000 1990.797729 0.000000 0.392051 0.000000 0.919944 0.830883 0.830883 0.830883
4562.291992 0.000000 2025.318481 0.000000 0.500085 0.000000 0.865976 0.903277 0.903277 0.903277
4577.971680 0.000000 2008.857666 0.000000 0.981517 0.000000 -0.191373 1.037017 1.037017 1.037017
4612.326660 0.000000 1995.702026 0.000000 0.087340 0.000000 0.996179 0.862980 0.862980 0.862980
4582.465332 0.000000 2021.207886 0.000000 0.829524 0.000000 0.558471 0.930473 0.930473 0.930473
4594.177734 0.000000 2004.785400 0.000000 0.230958 0.000000 0.972964 0.699425 0.699425 0.699425
4540.210449 0.000000 2039.484741 0.000000 0.265648 0.000000 -0.964070 1.143013 1.143013 1.143013
4587.252930 0.000000 1986.323853 0.000000 0.648023 0.000000 -0.761621 1.157792 1.157792 1.157792
4591.748535 0.000000 1986.131592 0.000000 0.708950 0.000000 -0.705258 1.291186 1.291186 1.291186
4587.910156 0.000000 1992.905396 0.000000 0.363099 0.000000 0.931751 0.838331 0.838331 0.838331
4541.237793 0.000000 1978.645386 0.000000 0.944504 0.000000 -0.328501 1.061837 1.061837 1.061837
4594.819824 0.000000 1972.440674 0.000000 0.498159 0.000000 0.867086 0.850678 0.850678 0.850678
4591.963867 0.000000 1972.897217 0.000000 0.885732 0.000000 -0.464197 1.068694 1.068694 1.068694
4594.800293 0.000000 1985.118164 0.000000 0.621856 0.000000 -0.783132 1.184181 1.184181 1.184181
4585.695312 0.000000 1989.135620 0.000000 0.250767 0.000000 -0.968048 1.134839 1.134839 1.134839
4563.683594 0.000000 1983.122437 0.000000 0.900268 0.000000 -0.435336 1.098954 1.098954 1.098954
4545.965332 0.000000 1974.495728 0.000000 0.724036 0.000000 -0.689763 1.070310 1.070310 1.070310
4587.855469 0.000000 1999.358765 0.000000 0.515418 0.000000 -0.856939 1.141333 1.141333 1.141333
4612.035645 0.000000 1983.536621 0.000000 0.998659 0.000000 0.051767 0.992889 0.992889 0.992889
4585.800293 0.000000 2003.797363 0.000000 0.890641 0.000000 -0.454708 1.063638 1.063638 1.063638
4578.807129 0.000000 2017.367310 0.000000 0.701812 0.000000 0.712363 0.910927 0.910927 0.910927
4587.947266 0.000000 2001.715942 0.000000 0.586211 0.000000 -0.810159 1.134394 1.134394 1.134394
4537.291992 0.000000 2002.268799 0.000000 0.999145 0.000000 0.041354 0.994733 0.994733 0.994733
4575.582031 0.000000 2008.179199 0.000000 0.996999 0.000000 0.077420 0.978911 0.978911 0.978911
4566.285156 0.000000 1981.885376 0.000000 0.419026 0.000000 -0.907974 1.150633 1.150633 1.150633
4611.714844 0.000000 1987.758423 0.000000 0.103434 0.000000 -0.994636 1.406579 1.406579 1.406579
4586.499023 0.000000 2001.989014 0.000000 0.884510 0.000000 0.466521 0.930933 0.930933 0.930933
4563.357910 0.000000 2030.488525 0.000000 0.633371 0.000000 -0.773848 1.092786 1.092786 1.092786
4593.445801 0.000000 2008.418213 0.000000 0.936024 0.000000 0.351937 0.947026 0.947026 0.947026
4590.743652 0.000000 1975.116089 0.000000 0.997213 0.000000 0.074612 0.991051 0.991051 0.991051
4592.900391 0.000000 2002.510620 0.000000 0.875923 0.000000 0.482450 0.928357 0.928357 0.928357
4572.823730 0.000000 2009.359009 0.000000 0.880667 0.000000 0.473735 0.944555 0.944555 0.944555
4608.495117 0.000000 1981.538208 0.000000 0.597887 0.000000 -0.801581 1.280917 1.280917 1.280917
4545.337891 0.000000 2024.674927 0.000000 0.942948 0.000000 0.332941 0.954241 0.954241 0.954241
4556.750977 0.000000 1978.251831 0.000000 0.737577 0.000000 0.675263 0.811224 0.811224 0.811224
4547.540527 0.000000 2023.263550 0.000000 0.996504 0.000000 0.083548 0.976194 0.976194 0.976194
4542.043457 0.000000 1994.574463 0.000000 0.240429 0.000000 -0.970667 1.331539 1.331539 1.331539
4611.799316 0.000000 1978.192871 0.000000 0.934343 0.000000 0.356374 0.897204 0.897204 0.897204
4537.577637 0.000000 1997.856934 0.000000 0.737292 0.000000 0.675574 0.885189 0.885189 0.885189
4585.740723 0.000000 1999.860474 0.000000 0.123468 0.000000 -0.992349 1.191464 1.191464 1.191464
4545.442871 0.000000 1988.946167 0.000000 0.810765 0.000000 0.585372 0.859493 0.859493 0.859493
4595.800293 0.000000 1975.079224 0.000000 0.236897 0.000000 -0.971535 1.182846 1.182846 1.182846
4610.949219 0.000000 1975.189331 0.000000 0.979680 0.000000 0.200564 0.949082 0.949082 0.949082
4542.588379 0.000000 1992.379150 0.000000 0.941263 0.000000 0.337674 0.914008 0.914008 0.914008
4559.515625 0.000000 1978.768677 0.000000 0.375988 0.000000 0.926625 0.701116 0.701116 0.701116
4592.593750 0.000000 1999.797852 0.000000 0.361779 0.000000 0.932264 0.829148 0.829148 0.829148
4543.039062 0.000000 1975.768555 0.000000 0.715299 0.000000 -0.698819 1.121696 1.121696 1.121696
4591.979492 0.000000 1984.791748 0.000000 0.701681 0.000000 -0.712491 1.285101 1.285101 1.285101
4558.112305 0.000000 1983.204102 0.000000 0.997876 0.000000 0.065136 0.990399 0.990399 0.990399
4596.131348 0.000000 2009.514648 0.000000 0.904382 0.000000 0.426723 0.931760 0.931760 0.931760
4537.387695 0.000000 1999.319458 0.000000 0.381768 0.000000 -0.924258 1.279647 1.279647 1.279647
4595.597656 0.000000 1999.157349 0.000000 0.715886 0.000000 -0.698217 1.108057 1.108057 1.108057
4590.687012 0.000000 1973.178833 0.000000 0.997848 0.000000 -0.065568 1.009337 1.009337 1.009337
4543.982910 0.000000 1988.758301 0.000000 0.944410 0.000000 0.328769 0.958183 0.958183 0.958183
4595.747070 0.000000 1973.398804 0.000000 0.971679 0.000000 -0.236306 1.033948 1.033948 1.033948
4592.639648 0.000000 2014.969360 0.000000 0.993477 0.000000 0.114032 0.981170 0.981170 0.981170
4595.908691 0.000000 2005.833130 0.000000 0.543400 0.000000 0.839474 0.776139 0.776139 0.776139
4597.963379 0.000000 1973.594482 0.000000 0.522133 0.000000 0.852864 0.854645 0.854645 0.854645
4595.552734 0.000000 2007.292969 0.000000 0.419901 0.000000 0.907570 0.832456 0.832456 0.832456
4614.669922 0.000000 1989.317383 0.000000 0.933669 0.000000 0.358138 0.925018 0.925018 0.925018
4606.965332 0.000000 1980.957642 0.000000 0.252287 0.000000 -0.967652 1.292351 1.292351 1.292351
4594.757324 0.000000 2009.746216 0.000000 0.820089 0.000000 -0.572236 1.094300 1.094300 1.094300
4556.513672 0.000000 1980.763306 0.000000 0.997377 0.000000 0.072389 0.982274 0.982274 0.982274
4565.097168 0.000000 1981.472656 0.000000 0.360137 0.000000 -0.932899 1.195117 1.195117 1.195117
4545.743164 0.000000 1990.207275 0.000000 0.084161 0.000000 0.996452 0.643724 0.643724 0.643724
4591.796387 0.000000 1987.699951 0.000000 0.704824 0.000000 -0.709382 1.293356 1.293356 1.293356
4542.350586 0.000000 1978.059204 0.000000 0.705966 0.000000 -0.708246 1.176833 1.176833 1.176833
4589.812500 0.000000 2010.728394 0.000000 0.129958 0.000000 -0.991519 1.212176 1.212176 1.212176
4592.558105 0.000000 2003.700439 0.000000 0.998075 0.000000 -0.062020 1.008831 1.008831 1.008831
4586.642090 0.000000 1998.935303 0.000000 0.386087 0.000000 -0.922463 1.161258 1.161258 1.161258
4569.011230 0.000000 1982.650879 0.000000 0.943803 0.000000 -0.330508 1.070639 1.070639 1.070639
4544.923828 0.000000 1991.161987 0.000000 0.156101 0.000000 0.987741 0.661096 0.661096 0.661096
4546.961426 0.000000 1995.135132 0.000000 0.999226 0.000000 0.039334 0.993714 0.993714 0.993714
4575.261719 0.000000 2009.919189 0.000000 0.123890 0.000000 -0.992296 1.393651 1.393651 1.393651
4594.201172 0.000000 2007.453247 0.000000 0.941390 0.000000 0.337320 0.949320 0.949320 0.949320
4597.449219 0.000000 2004.316772 0.000000 0.978351 0.000000 0.206950 0.968775 0.968775 0.968775
4554.164062 0.000000 1977.074585 0.000000 0.995845 0.000000 -0.091067 1.015481 1.015481 1.015481
4597.923828 0.000000 2006.415649 0.000000 0.503031 0.000000 -0.864268 1.161549 1.161549 1.161549
4540.426758 0.000000 1992.706787 0.000000 0.237864 0.000000 -0.971298 1.282368 1.282368 1.282368
4597.897461 0.000000 2009.910400 0.000000 0.393457 0.000000 -0.919343 1.180544 1.180544 1.180544
4558.763672 0.000000 1979.798218 0.000000 0.256596 0.000000 -0.966519 1.330645 1.330645 1.330645
4557.149902 0.000000 1979.384399 0.000000 0.994458 0.000000 0.105135 0.973178 0.973178 0.973178
4594.516113 0.000000 2013.060059 0.000000 0.995759 0.000000 -0.092003 1.014031 1.014031 1.014031
4557.570801 0.000000 1977.417480 0.000000 0.976180 0.000000 0.216962 0.956866 0.956866 0.956866
4589.598145 0.000000 1988.206665 0.000000 0.998180 0.000000 -0.060305 1.014311 1.014311 1.014311
4593.005371 0.000000 2013.285034 0.000000 0.521826 0.000000 -0.853052 1.168365 1.168365 1.168365
4567.975098 0.000000 1983.174683 0.000000 0.289560 0.000000 0.957160 0.671619 0.671619 0.671619
4561.199707 0.000000 1983.123901 0.000000 0.983755 0.000000 -0.179517 1.036049 1.036049 1.036049
4560.834961 0.000000 1980.168091 0.000000 0.388594 0.000000 0.921409 0.695781 0.695781 0.695781
4543.551758 0.000000 1990.779907 0.000000 0.602914 0.000000 -0.797806 1.230593 1.230593 1.230593
4546.253418 0.000000 2023.802490 0.000000 0.599997 0.000000 -0.800002 1.263915 1.263915 1.263915
4592.825684 0.000000 1984.113892 0.000000 0.729024 0.000000 -0.684488 1.269148 1.269148 1.269148
4615.708984 0.000000 1989.611694 0.000000 0.583647 0.000000 0.812008 0.806014 0.806014 0.806014
4544.570801 0.000000 1996.347046 0.000000 0.996414 0.000000 -0.084615 1.018612 1.018612 1.018612
4592.513672 0.000000 1982.644165 0.000000 0.388060 0.000000 0.921634 0.689777 0.689777 0.689777
4560.084473 0.000000 1983.607666 0.000000 0.749585 0.000000 -0.661908 1.144472 1.144472 1.144472
4569.232910 0.000000 1985.045288 0.000000 0.522907 0.000000 -0.852389 1.277713 1.277713 1.277713
4591.762207 0.000000 1989.934814 0.000000 0.891947 0.000000 0.452139 0.826650 0.826650 0.826650
4575.482910 0.000000 2011.725342 0.000000 0.996483 0.000000 -0.083792 1.018640 1.018640 1.018640
4613.641602 0.000000 1989.211670 0.000000 0.624171 0.000000 0.781288 0.794038 0.794038 0.794038
4560.334473 0.000000 1981.469971 0.000000 0.251032 0.000000 0.967979 0.658040 0.658040 0.658040
4595.795898 0.000000 1984.780396 0.000000 0.351534 0.000000 0.936175 0.751967 0.751967 0.751967
4611.753906 0.000000 1974.087036 0.000000 0.467541 0.000000 0.883971 0.726595 0.726595 0.726595
4590.891113 0.000000 1988.482788 0.000000 0.972313 0.000000 -0.233684 1.087149 1.087149 1.087149
4564.318359 0.000000 1982.218018 0.000000 0.994898 0.000000 0.100882 0.976285 0.976285 0.976285
4563.259277 0.000000 1982.176270 0.000000 0.939374 0.000000 -0.342894 1.076893 1.076893 1.076893
4595.895508 0.000000 1986.969971 0.000000 0.356686 0.000000 0.934224 0.656742 0.656742 0.656742
4557.802246 0.000000 1981.442871 0.000000 0.129778 0.000000 -0.991543 1.352472 1.352472 1.352472
4588.204102 0.000000 1985.964111 0.000000 0.233024 0.000000 0.972471 0.579864 0.579864 0.579864
4543.584473 0.000000 1994.789429 0.000000 0.123846 0.000000 -0.992301 1.361158 1.361158 1.361158
4570.191406 0.000000 1986.817505 0.000000 0.693159 0.000000 0.720785 0.807082 0.807082 0.807082
4606.336426 0.000000 1981.723755 0.000000 0.887879 0.000000 0.460078 0.893773 0.893773 0.893773
4547.903809 0.000000 2022.379517 0.000000 0.628007 0.000000 -0.778208 1.253814 1.253814 1.253814
4542.383301 0.000000 1993.675293 0.000000 0.877342 0.000000 0.479866 0.875047 0.875047 0.875047
4608.301270 0.000000 1980.623169 0.000000 0.969197 0.000000 0.246285 0.924828 0.924828 0.924828
4562.082520 0.000000 1980.608887 0.000000 0.984265 0.000000 -0.176697 1.046120 1.046120 1.046120
4611.762695 0.000000 1975.702026 0.000000 0.632277 0.000000 -0.774742 1.223484 1.223484 1.223484
4610.758301 0.000000 1976.091309 0.000000 0.979570 0.000000 -0.201102 1.055606 1.055606 1.055606
4610.814453 0.000000 1987.557983 0.000000 0.735256 0.000000 0.677789 0.793617 0.793617 0.793617
4595.052246 0.000000 1987.831543 0.000000 0.984565 0.000000 0.175020 0.949930 0.949930 0.949930
4611.252441 0.000000 1977.473389 0.000000 0.872295 0.000000 -0.488981 1.140309 1.140309 1.140309
4591.224609 0.000000 1986.882812 0.000000 0.078698 0.000000 0.996898 0.444991 0.444991 0.444991
4588.672852 0.000000 1984.345215 0.000000 0.998327 0.000000 0.057824 0.981801 0.981801 0.981801
4589.474609 0.000000 1986.326904 0.000000 0.360794 0.000000 -0.932645 1.447006 1.447006 1.447006
4590.974121 0.000000 1985.734131 0.000000 0.834323 0.000000 0.551276 0.790089 0.790089 0.790089
4593.717773 0.000000 1989.032837 0.000000 0.806440 0.000000 0.591316 0.766228 0.766228 0.766228
4591.517578 0.000000 1989.145264 0.000000 0.998240 0.000000 0.059295 0.978078 0.978078 0.978078
4619.639648 0.000000 1992.705322 0.000000 0.994287 0.000000 0.106740 0.990121 0.990121 0.990121
4545.760254 0.000000 2040.334229 0.000000 0.247324 0.000000 0.968933 0.877987 0.877987 0.877987
4538.458984 0.000000 2040.964233 0.000000 0.478356 0.000000 0.878166 0.906328 0.906328 0.906328
4541.779297 0.000000 2039.568848 0.000000 0.706342 0.000000 -0.707871 1.086393 1.086393 1.086393
4540.281738 0.000000 2043.579102 0.000000 0.886953 0.000000 0.461860 0.938873 0.938873 0.938873
4544.588379 0.000000 2041.241943 0.000000 0.930147 0.000000 0.367186 0.965270 0.965270 0.965270
4789.089844 0.000000 1733.869995 0.000000 0.126828 0.000000 0.991925 0.978375 0.978375 0.978375
4793.015137 0.000000 1732.771973 0.000000 0.399478 0.000000 0.916743 0.947879 0.947879 0.947879
4790.339844 0.000000 1732.090698 0.000000 0.749619 0.000000 -0.661870 1.034310 1.034310 1.034310
4757.775879 0.000000 1829.442261 0.000000 0.728694 0.000000 -0.684839 1.079101 1.079101 1.079101
4782.770508 0.000000 1818.011108 0.000000 0.631170 0.000000 0.775645 0.964540 0.964540 0.964540
4757.233887 0.000000 1833.462402 0.000000 0.979930 0.000000 0.199344 0.980961 0.980961 0.980961
4778.562012 0.000000 1814.544067 0.000000 0.997622 0.000000 0.068926 0.996556 0.996556 0.996556
4758.438965 0.000000 1831.583984 0.000000 0.816883 0.000000 0.576803 0.969302 0.969302 0.969302
4756.999023 0.000000 1828.207520 0.000000 0.977932 0.000000 0.208924 0.977931 0.977931 0.977931
4756.791016 0.000000 1830.240845 0.000000 0.290211 0.000000 0.956963 0.811998 0.811998 0.811998
4787.929199 0.000000 1832.218628 0.000000 0.227477 0.000000 0.973784 0.939724 0.939724 0.939724
4797.105469 0.000000 1833.673706 0.000000 0.901123 0.000000 -0.433564 1.027989 1.027989 1.027989
4783.861816 0.000000 1848.013306 0.000000 0.359408 0.000000 0.933181 0.996996 0.996996 0.996996
4763.968262 0.000000 1840.507568 0.000000 0.414121 0.000000 -0.910222 1.062823 1.062823 1.062823
4766.100586 0.000000 1847.766113 0.000000 0.254308 0.000000 -0.967123 1.036076 1.036076 1.036076
4782.455078 0.000000 1843.974365 0.000000 0.403367 0.000000 -0.915038 1.057700 1.057700 1.057700
4769.490723 0.000000 1845.043457 0.000000 0.788866 0.000000 -0.614566 1.028089 1.028089 1.028089
4758.875000 0.000000 1835.898926 0.000000 0.626859 0.000000 -0.779132 1.024531 1.024531 1.024531
4761.300293 0.000000 1841.013306 0.000000 0.526096 0.000000 0.850425 0.964461 0.964461 0.964461
4773.310547 0.000000 1848.315796 0.000000 0.729302 0.000000 0.684192 0.954853 0.954853 0.954853
4780.110352 0.000000 1843.570923 0.000000 0.811951 0.000000 0.583726 0.975102 0.975102 0.975102
4768.329102 0.000000 1847.053345 0.000000 0.069168 0.000000 -0.997605 1.086221 1.086221 1.086221
4789.685547 0.000000 1844.466797 0.000000 0.112158 0.000000 -0.993690 1.025487 1.025487 1.025487
4792.559570 0.000000 1836.913330 0.000000 0.497867 0.000000 -0.867253 1.026205 1.026205 1.026205
4792.715820 0.000000 1841.242798 0.000000 0.353321 0.000000 -0.935502 1.033220 1.033220 1.033220
4788.812500 0.000000 1835.620483 0.000000 0.978522 0.000000 -0.206144 1.022290 1.022290 1.022290
4791.527832 0.000000 1849.127441 0.000000 0.731948 0.000000 -0.681360 1.013100 1.013100 1.013100
4790.649414 0.000000 1839.131714 0.000000 0.946321 0.000000 0.323229 0.985209 0.985209 0.985209
4790.435547 0.000000 1837.011108 0.000000 0.238434 0.000000 0.971159 0.930269 0.930269 0.930269
"}
