object={
	name="steppe_bush_01_generator_0"
	clamp_to_water_level=no
	render_under_water=no
	generated_content=yes
	layer="grass_layer"
	pdxmesh="steppe_bush_01_mesh"
	count=43
	transform="2666.120117 0.000000 1117.574585 0.000000 0.953365 0.000000 -0.301819 0.571569 0.571569 0.571569
2663.644775 0.000000 1131.572876 0.000000 0.637118 0.000000 -0.770766 0.710369 0.710369 0.710369
2661.928223 0.000000 1130.492676 0.000000 0.086830 0.000000 -0.996223 0.755612 0.755612 0.755612
2667.645020 0.000000 1116.282593 0.000000 0.770224 0.000000 -0.637774 0.661439 0.661439 0.661439
2666.264404 0.000000 1119.438110 0.000000 0.759374 0.000000 0.650654 0.343915 0.343915 0.343915
2667.627197 0.000000 1118.406006 0.000000 0.170729 0.000000 0.985318 0.191722 0.191722 0.191722
2662.937012 0.000000 1132.950562 0.000000 0.296158 0.000000 -0.955139 0.808374 0.808374 0.808374
2663.180664 0.000000 1130.379272 0.000000 0.995403 0.000000 -0.095776 0.522930 0.522930 0.522930
2662.354248 0.000000 1131.879883 0.000000 0.977692 0.000000 0.210043 0.449414 0.449414 0.449414
2667.079346 0.000000 1117.258179 0.000000 0.422877 0.000000 -0.906187 0.764748 0.764748 0.764748
2667.302490 0.000000 1119.395752 0.000000 0.836821 0.000000 -0.547477 0.627642 0.627642 0.627642
2663.934082 0.000000 1133.207764 0.000000 0.972027 0.000000 0.234867 0.442439 0.442439 0.442439
2666.604492 0.000000 1118.463623 0.000000 0.303570 0.000000 0.952809 0.221877 0.221877 0.221877
2662.086914 0.000000 1133.316162 0.000000 0.582141 0.000000 -0.813088 0.730513 0.730513 0.730513
2666.705811 0.000000 1116.411133 0.000000 0.133334 0.000000 0.991071 0.164550 0.164550 0.164550
2662.826172 0.000000 1131.129028 0.000000 0.663169 0.000000 0.748469 0.297828 0.297828 0.297828
2663.627441 0.000000 1132.439941 0.000000 0.596917 0.000000 0.802303 0.273928 0.273928 0.273928
2721.096436 0.000000 1085.150024 0.000000 0.318361 0.000000 -0.947970 0.706216 0.706216 0.706216
2723.256348 0.000000 1082.412109 0.000000 0.164761 0.000000 -0.986334 0.741199 0.741199 0.741199
2725.546387 0.000000 1083.477539 0.000000 0.225646 0.000000 -0.974209 0.728865 0.728865 0.728865
2723.420898 0.000000 1084.625122 0.000000 0.257131 0.000000 0.966377 0.276663 0.276663 0.276663
2688.124512 0.000000 1152.374878 0.000000 0.924010 0.000000 -0.382367 0.562690 0.562690 0.562690
2710.923096 0.000000 1103.541504 0.000000 0.991996 0.000000 0.126268 0.479692 0.479692 0.479692
2718.052979 0.000000 1088.288696 0.000000 0.999945 0.000000 0.010463 0.498185 0.498185 0.498185
2691.712646 0.000000 1154.164429 0.000000 0.999923 0.000000 0.012426 0.496844 0.496844 0.496844
2721.884033 0.000000 1087.925049 0.000000 0.421952 0.000000 0.906618 0.304448 0.304448 0.304448
2708.392822 0.000000 1104.758179 0.000000 0.983430 0.000000 -0.181290 0.531517 0.531517 0.531517
2689.183838 0.000000 1154.375244 0.000000 0.999981 0.000000 -0.006153 0.501862 0.501862 0.501862
2690.825439 0.000000 1155.665039 0.000000 0.638282 0.000000 0.769803 0.276832 0.276832 0.276832
2690.058105 0.000000 1154.992065 0.000000 0.972729 0.000000 -0.231944 0.559461 0.559461 0.559461
2691.641602 0.000000 1155.119995 0.000000 0.651543 0.000000 0.758611 0.281240 0.281240 0.281240
2688.708252 0.000000 1155.228271 0.000000 0.705593 0.000000 -0.708617 0.738392 0.738392 0.738392
2690.838135 0.000000 1154.710938 0.000000 0.338935 0.000000 0.940810 0.188818 0.188818 0.188818
2689.008057 0.000000 1155.776733 0.000000 0.673365 0.000000 -0.739310 0.751865 0.751865 0.751865
2745.488037 0.000000 1161.169556 0.000000 0.969098 0.000000 -0.246678 0.559582 0.559582 0.559582
2688.642090 0.000000 1157.766479 0.000000 0.137798 0.000000 -0.990460 0.775387 0.775387 0.775387
2745.190918 0.000000 1162.579712 0.000000 0.313666 0.000000 0.949533 0.192183 0.192183 0.192183
2744.392090 0.000000 1160.015869 0.000000 0.914717 0.000000 -0.404096 0.599440 0.599440 0.599440
2744.151123 0.000000 1161.700684 0.000000 0.859653 0.000000 -0.510879 0.628177 0.628177 0.628177
2745.985840 0.000000 1162.012817 0.000000 0.750237 0.000000 0.661169 0.322360 0.322360 0.322360
2744.559814 0.000000 1160.898926 0.000000 0.144106 0.000000 0.989562 0.159078 0.159078 0.159078
2745.214355 0.000000 1160.301147 0.000000 0.182632 0.000000 -0.983181 0.831587 0.831587 0.831587
2745.318359 0.000000 1163.418457 0.000000 0.010550 0.000000 0.999944 0.116320 0.116320 0.116320
"}
