object={
	name="tree_leaf_colored_01_high_generator_3_0"
	clamp_to_water_level=no
	render_under_water=no
	generated_content=yes
	layer="tree_high_layer"
	pdxmesh="tree_leaf_colored_01_c_mesh"
	count=259
	transform="8594.721680 0.000000 1898.315674 0.000000 0.063751 0.000000 -0.997966 0.800903 0.800903 0.800903
8342.745117 0.000000 2034.284424 0.000000 0.807612 0.000000 -0.589714 0.800378 0.800378 0.800378
8301.923828 0.000000 2059.281738 0.000000 0.638127 0.000000 0.769931 0.799473 0.799473 0.799473
8342.745117 0.000000 2102.268799 0.000000 0.331991 0.000000 0.943282 0.798523 0.798523 0.798523
8385.916016 0.000000 2059.281738 0.000000 0.758902 0.000000 0.651205 0.799150 0.799150 0.799150
8339.902344 0.000000 2045.352783 0.000000 0.823101 0.000000 0.567895 0.799638 0.799638 0.799638
8316.761719 0.000000 2073.791992 0.000000 0.694283 0.000000 -0.719702 0.800963 0.800963 0.800963
8376.381836 0.000000 2092.284912 0.000000 0.801394 0.000000 -0.598137 0.800768 0.800768 0.800768
8352.942383 0.000000 2071.851562 0.000000 0.344229 0.000000 0.938886 0.798539 0.798539 0.798539
8315.600586 0.000000 2104.156006 0.000000 0.303270 0.000000 -0.952905 0.801513 0.801513 0.801513
8301.923828 0.000000 2127.266113 0.000000 0.969439 0.000000 -0.245334 0.800148 0.800148 0.800148
8342.745117 0.000000 2170.253174 0.000000 0.445973 0.000000 -0.895046 0.800664 0.800664 0.800664
8385.916016 0.000000 2127.266113 0.000000 0.661365 0.000000 0.750064 0.798475 0.798475 0.798475
8339.902344 0.000000 2113.337158 0.000000 0.160433 0.000000 -0.987047 0.801689 0.801689 0.801689
8316.761719 0.000000 2141.776367 0.000000 0.585866 0.000000 -0.810408 0.800566 0.800566 0.800566
8376.381836 0.000000 2160.269287 0.000000 0.533463 0.000000 -0.845823 0.801208 0.801208 0.801208
8352.942383 0.000000 2139.835938 0.000000 0.752705 0.000000 0.658358 0.799139 0.799139 0.799139
8367.628906 0.000000 2108.674072 0.000000 0.848570 0.000000 0.529083 0.799332 0.799332 0.799332
8317.357422 0.000000 2116.404297 0.000000 0.297502 0.000000 0.954721 0.798480 0.798480 0.798480
8426.737305 0.000000 1966.300049 0.000000 0.343860 0.000000 -0.939021 0.800731 0.800731 0.800731
8510.729492 0.000000 1966.300049 0.000000 0.954713 0.000000 0.297530 0.799819 0.799819 0.799819
8553.900391 0.000000 1923.312866 0.000000 0.883255 0.000000 -0.468893 0.800292 0.800292 0.800292
8426.737305 0.000000 2034.284424 0.000000 0.093621 0.000000 -0.995608 0.800885 0.800885 0.800885
8469.908203 0.000000 1991.297241 0.000000 0.721271 0.000000 -0.692653 0.800917 0.800917 0.800917
8423.894531 0.000000 1977.368408 0.000000 0.981514 0.000000 -0.191391 0.800115 0.800115 0.800115
8460.374023 0.000000 2024.300415 0.000000 0.881118 0.000000 -0.472896 0.800590 0.800590 0.800590
8510.729492 0.000000 2034.284424 0.000000 0.735043 0.000000 0.678020 0.799107 0.799107 0.799107
8553.900391 0.000000 1991.297241 0.000000 0.010009 0.000000 -0.999950 0.800935 0.800935 0.800935
8507.886719 0.000000 1977.368408 0.000000 0.070389 0.000000 0.997520 0.799101 0.799101 0.799101
8484.746094 0.000000 2005.807495 0.000000 0.725023 0.000000 -0.688725 0.800910 0.800910 0.800910
8520.926758 0.000000 2003.867188 0.000000 0.477096 0.000000 -0.878851 0.801286 0.801286 0.801286
8483.584961 0.000000 2036.171753 0.000000 0.313719 0.000000 -0.949516 0.801500 0.801500 0.801500
8485.341797 0.000000 1980.435547 0.000000 0.754132 0.000000 0.656722 0.799141 0.799141 0.799141
8594.721680 0.000000 1966.300049 0.000000 0.999575 0.000000 -0.029143 0.800035 0.800035 0.800035
8637.892578 0.000000 1923.312866 0.000000 0.380116 0.000000 -0.924939 0.800708 0.800708 0.800708
8591.878906 0.000000 1909.384033 0.000000 0.374062 0.000000 0.927404 0.799289 0.799289 0.799289
8568.738281 0.000000 1937.823120 0.000000 0.362567 0.000000 -0.931958 0.800719 0.800719 0.800719
8628.358398 0.000000 1956.316040 0.000000 0.955718 0.000000 0.294283 0.799642 0.799642 0.799642
8604.918945 0.000000 1935.882812 0.000000 0.985053 0.000000 0.172254 0.799793 0.799793 0.799793
8652.730469 0.000000 1937.823120 0.000000 0.509202 0.000000 0.860647 0.799379 0.799379 0.799379
8637.892578 0.000000 1991.297241 0.000000 0.683651 0.000000 -0.729809 0.800490 0.800490 0.800490
8591.878906 0.000000 1977.368408 0.000000 0.998029 0.000000 0.062753 0.799925 0.799925 0.799925
8619.605469 0.000000 1972.705200 0.000000 0.708559 0.000000 0.705652 0.799061 0.799061 0.799061
8426.737305 0.000000 2102.268799 0.000000 0.938984 0.000000 -0.343962 0.800421 0.800421 0.800421
8469.908203 0.000000 2059.281738 0.000000 0.160177 0.000000 0.987088 0.799155 0.799155 0.799155
8423.894531 0.000000 2045.352783 0.000000 0.203474 0.000000 0.979080 0.798363 0.798363 0.798363
8400.753906 0.000000 2073.791992 0.000000 0.940915 0.000000 0.338643 0.799586 0.799586 0.799586
8436.934570 0.000000 2071.851562 0.000000 0.468339 0.000000 -0.883549 0.801298 0.801298 0.801298
8399.592773 0.000000 2104.156006 0.000000 0.881736 0.000000 -0.471744 0.800589 0.800589 0.800589
8401.349609 0.000000 2048.419922 0.000000 0.983245 0.000000 -0.182291 0.800220 0.800220 0.800220
8510.729492 0.000000 2102.268799 0.000000 0.741240 0.000000 -0.671240 0.800441 0.800441 0.800441
8553.900391 0.000000 2059.281738 0.000000 0.692946 0.000000 -0.720989 0.800965 0.800965 0.800965
8507.886719 0.000000 2045.352783 0.000000 0.922874 0.000000 -0.385102 0.800474 0.800474 0.800474
8484.746094 0.000000 2073.791992 0.000000 0.674220 0.000000 0.738530 0.799502 0.799502 0.799502
8544.366211 0.000000 2092.284912 0.000000 0.223487 0.000000 -0.974707 0.801612 0.801612 0.801612
8520.926758 0.000000 2071.851562 0.000000 0.354514 0.000000 -0.935051 0.801448 0.801448 0.801448
8535.613281 0.000000 2040.689575 0.000000 0.976099 0.000000 -0.217327 0.800263 0.800263 0.800263
8426.737305 0.000000 2170.253174 0.000000 0.544879 0.000000 -0.838515 0.801192 0.801192 0.801192
8469.908203 0.000000 2127.266113 0.000000 0.449728 0.000000 0.893166 0.798677 0.798677 0.798677
8423.894531 0.000000 2113.337158 0.000000 0.549819 0.000000 -0.835284 0.801185 0.801185 0.801185
8400.753906 0.000000 2141.776367 0.000000 0.028159 0.000000 -0.999603 0.801849 0.801849 0.801849
8436.934570 0.000000 2139.835938 0.000000 0.713701 0.000000 0.700451 0.799070 0.799070 0.799070
8451.621094 0.000000 2108.674072 0.000000 0.831891 0.000000 -0.554939 0.800705 0.800705 0.800705
8399.592773 0.000000 2172.140381 0.000000 0.997991 0.000000 0.063362 0.799924 0.799924 0.799924
8401.349609 0.000000 2116.404297 0.000000 0.903997 0.000000 -0.427538 0.800529 0.800529 0.800529
8417.671875 0.000000 2132.182617 0.000000 0.112230 0.000000 0.993682 0.797379 0.797379 0.797379
8510.729492 0.000000 2170.253174 0.000000 0.477073 0.000000 0.878864 0.798714 0.798714 0.798714
8553.900391 0.000000 2127.266113 0.000000 0.792037 0.000000 -0.610473 0.800394 0.800394 0.800394
8507.886719 0.000000 2113.337158 0.000000 0.279777 0.000000 0.960065 0.799229 0.799229 0.799229
8484.746094 0.000000 2141.776367 0.000000 0.282462 0.000000 -0.959278 0.801539 0.801539 0.801539
8544.366211 0.000000 2160.269287 0.000000 0.967354 0.000000 0.253429 0.799693 0.799693 0.799693
8520.926758 0.000000 2139.835938 0.000000 0.980801 0.000000 -0.195012 0.800235 0.800235 0.800235
8485.341797 0.000000 2116.404297 0.000000 0.998754 0.000000 -0.049909 0.800060 0.800060 0.800060
8594.721680 0.000000 2102.268799 0.000000 0.742872 0.000000 0.669434 0.799121 0.799121 0.799121
8637.892578 0.000000 2059.281738 0.000000 0.764451 0.000000 -0.644682 0.801259 0.801259 0.801259
8591.878906 0.000000 2045.352783 0.000000 0.140271 0.000000 -0.990113 0.800857 0.800857 0.800857
8568.738281 0.000000 2073.791992 0.000000 0.932156 0.000000 -0.362056 0.800444 0.800444 0.800444
8628.358398 0.000000 2092.284912 0.000000 0.340006 0.000000 -0.940423 0.802200 0.802200 0.802200
8604.918945 0.000000 2071.851562 0.000000 0.207317 0.000000 0.978274 0.798368 0.798368 0.798368
8567.577148 0.000000 2104.156006 0.000000 0.815776 0.000000 0.578368 0.799261 0.799261 0.799261
8642.377930 0.000000 2106.121826 0.000000 0.986952 0.000000 -0.161017 0.800291 0.800291 0.800291
8624.262695 0.000000 2072.958008 0.000000 0.330169 0.000000 -0.943922 0.802958 0.802958 0.802958
8643.023438 0.000000 2078.696045 0.000000 0.999983 0.000000 0.005845 0.799986 0.799986 0.799986
8678.713867 0.000000 2102.268799 0.000000 0.965023 0.000000 0.262167 0.799523 0.799523 0.799523
8675.871094 0.000000 2045.352783 0.000000 0.965659 0.000000 -0.259811 0.800157 0.800157 0.800157
8652.730469 0.000000 2073.791992 0.000000 0.764147 0.000000 0.645042 0.798320 0.798320 0.798320
8688.911133 0.000000 2071.851562 0.000000 0.108405 0.000000 0.994107 0.798248 0.798248 0.798248
8653.326172 0.000000 2048.419922 0.000000 0.987425 0.000000 -0.158090 0.800190 0.800190 0.800190
8670.160156 0.000000 2084.061768 0.000000 0.997074 0.000000 0.076444 0.799817 0.799817 0.799817
8669.648438 0.000000 2064.198242 0.000000 0.982038 0.000000 -0.188685 0.800341 0.800341 0.800341
8655.867188 0.000000 2089.631592 0.000000 0.260351 0.000000 -0.965514 0.803133 0.803133 0.803133
8594.721680 0.000000 2170.253174 0.000000 0.793338 0.000000 0.608781 0.799216 0.799216 0.799216
8637.892578 0.000000 2127.266113 0.000000 0.456255 0.000000 -0.889849 0.800657 0.800657 0.800657
8591.878906 0.000000 2113.337158 0.000000 0.140963 0.000000 -0.990015 0.801713 0.801713 0.801713
8568.738281 0.000000 2141.776367 0.000000 0.981110 0.000000 -0.193449 0.800117 0.800117 0.800117
8604.918945 0.000000 2139.835938 0.000000 0.233898 0.000000 0.972261 0.786405 0.786405 0.786405
8619.605469 0.000000 2108.674072 0.000000 0.261191 0.000000 0.965287 0.798434 0.798434 0.798434
8567.577148 0.000000 2172.140381 0.000000 0.930747 0.000000 0.365664 0.799551 0.799551 0.799551
8569.333984 0.000000 2116.404297 0.000000 0.533750 0.000000 0.845642 0.798792 0.798792 0.798792
8640.845703 0.000000 2108.494873 0.000000 0.975294 0.000000 0.220910 0.799600 0.799600 0.799600
8581.695312 0.000000 2120.382812 0.000000 0.993729 0.000000 -0.111819 0.801544 0.801544 0.801544
8585.149414 0.000000 2125.199219 0.000000 0.637173 0.000000 0.770721 0.786291 0.786291 0.786291
8678.713867 0.000000 2170.253174 0.000000 0.068041 0.000000 0.997683 0.799100 0.799100 0.799100
8721.884766 0.000000 2127.266113 0.000000 0.176006 0.000000 -0.984389 0.800835 0.800835 0.800835
8675.871094 0.000000 2113.337158 0.000000 0.135034 0.000000 -0.990841 0.802580 0.802580 0.802580
8652.730469 0.000000 2141.776367 0.000000 0.091643 0.000000 -0.995792 0.800886 0.800886 0.800886
8703.597656 0.000000 2108.674072 0.000000 0.997574 0.000000 0.069611 0.799917 0.799917 0.799917
8651.569336 0.000000 2172.140381 0.000000 0.041614 0.000000 0.999134 0.798168 0.798168 0.798168
8653.326172 0.000000 2116.404297 0.000000 0.550521 0.000000 -0.834821 0.801776 0.801776 0.801776
8762.706055 0.000000 1966.300049 0.000000 0.264934 0.000000 0.964267 0.796878 0.796878 0.796878
8805.876953 0.000000 1923.312866 0.000000 0.456148 0.000000 -0.889904 0.801315 0.801315 0.801315
8759.863281 0.000000 1909.384033 0.000000 0.989364 0.000000 -0.145462 0.800175 0.800175 0.800175
8736.722656 0.000000 1937.823120 0.000000 0.973035 0.000000 0.230657 0.799721 0.799721 0.799721
8796.342773 0.000000 1956.316040 0.000000 0.210574 0.000000 0.977578 0.796744 0.796744 0.796744
8772.903320 0.000000 1935.882812 0.000000 0.773795 0.000000 -0.633436 0.801644 0.801644 0.801644
8787.589844 0.000000 1904.720825 0.000000 0.921821 0.000000 -0.387617 0.800477 0.800477 0.800477
8735.561523 0.000000 1968.187378 0.000000 0.997706 0.000000 0.067694 0.799919 0.799919 0.799919
8754.152344 0.000000 1948.093018 0.000000 0.348491 0.000000 -0.937312 0.802912 0.802912 0.802912
8810.362305 0.000000 1970.153076 0.000000 0.994627 0.000000 -0.103523 0.800249 0.800249 0.800249
8792.247070 0.000000 1936.989136 0.000000 0.698204 0.000000 -0.715899 0.801912 0.801912 0.801912
8777.693359 0.000000 1954.722046 0.000000 0.974752 0.000000 0.223290 0.799460 0.799460 0.799460
8846.698242 0.000000 1966.300049 0.000000 0.923821 0.000000 -0.382824 0.800235 0.800235 0.800235
8820.714844 0.000000 1937.823120 0.000000 0.846227 0.000000 0.532823 0.799327 0.799327 0.799327
8819.553711 0.000000 1968.187378 0.000000 0.986366 0.000000 -0.164564 0.800198 0.800198 0.800198
8805.876953 0.000000 1991.297241 0.000000 0.194246 0.000000 -0.980953 0.801648 0.801648 0.801648
8759.863281 0.000000 1977.368408 0.000000 0.531659 0.000000 0.846958 0.797579 0.797579 0.797579
8736.722656 0.000000 2005.807495 0.000000 0.919547 0.000000 -0.392979 0.800484 0.800484 0.800484
8796.342773 0.000000 2024.300415 0.000000 0.741851 0.000000 -0.670565 0.800881 0.800881 0.800881
8772.903320 0.000000 2003.867188 0.000000 0.968447 0.000000 0.249221 0.799698 0.799698 0.799698
8787.589844 0.000000 1972.705200 0.000000 0.984573 0.000000 0.174972 0.799578 0.799578 0.799578
8737.318359 0.000000 1980.435547 0.000000 0.984721 0.000000 0.174140 0.799790 0.799790 0.799790
8808.830078 0.000000 1972.526123 0.000000 0.469209 0.000000 -0.883087 0.802594 0.802594 0.802594
8775.176758 0.000000 1986.362061 0.000000 0.235891 0.000000 -0.971780 0.803194 0.803194 0.803194
8790.901367 0.000000 1991.038086 0.000000 0.796561 0.000000 0.604558 0.798444 0.798444 0.798444
8889.869141 0.000000 1991.297241 0.000000 0.085938 0.000000 0.996301 0.793773 0.793773 0.793773
8843.855469 0.000000 1977.368408 0.000000 0.994775 0.000000 0.102093 0.799877 0.799877 0.799877
8820.714844 0.000000 2005.807495 0.000000 0.710323 0.000000 0.703876 0.799064 0.799064 0.799064
8821.310547 0.000000 1980.435547 0.000000 0.863874 0.000000 -0.503708 0.800633 0.800633 0.800633
8869.937500 0.000000 2035.047852 0.000000 0.939893 0.000000 0.341470 0.796868 0.796868 0.796868
8871.125000 0.000000 2015.718262 0.000000 0.130643 0.000000 -0.991430 0.816391 0.816391 0.816391
8870.493164 0.000000 2025.837036 0.000000 0.271640 0.000000 -0.962399 0.812422 0.812422 0.812422
8902.662109 0.000000 1991.753052 0.000000 0.800706 0.000000 -0.599057 0.808082 0.808082 0.808082
8864.529297 0.000000 2039.477539 0.000000 0.620226 0.000000 -0.784423 0.818371 0.818371 0.818371
8896.334961 0.000000 1991.857178 0.000000 0.999944 0.000000 0.010569 0.799816 0.799816 0.799816
8909.117188 0.000000 1993.250244 0.000000 0.579371 0.000000 -0.815064 0.809135 0.809135 0.809135
8762.706055 0.000000 2102.268799 0.000000 0.947174 0.000000 -0.320721 0.800391 0.800391 0.800391
8736.722656 0.000000 2073.791992 0.000000 0.617648 0.000000 0.786454 0.799458 0.799458 0.799458
8735.561523 0.000000 2104.156006 0.000000 0.326308 0.000000 0.945264 0.798516 0.798516 0.798516
8871.582031 0.000000 2040.689575 0.000000 0.999997 0.000000 -0.002557 0.800003 0.800003 0.800003
8855.110352 0.000000 2081.393799 0.000000 0.836184 0.000000 0.548449 0.793739 0.793739 0.793739
8851.180664 0.000000 2076.062988 0.000000 0.098795 0.000000 0.995108 0.783244 0.783244 0.783244
8759.863281 0.000000 2113.337158 0.000000 0.163507 0.000000 0.986542 0.798315 0.798315 0.798315
8736.722656 0.000000 2141.776367 0.000000 0.716267 0.000000 -0.697826 0.800463 0.800463 0.800463
8737.318359 0.000000 2116.404297 0.000000 0.531897 0.000000 0.846809 0.798790 0.798790 0.798790
8754.152344 0.000000 2152.046143 0.000000 0.635617 0.000000 -0.772005 0.801585 0.801585 0.801585
8815.486328 0.000000 2119.950684 0.000000 0.511899 0.000000 -0.859046 0.804334 0.804334 0.804334
8889.869141 0.000000 2127.266113 0.000000 0.412311 0.000000 -0.911043 0.802060 0.802060 0.802060
8880.334961 0.000000 2160.269287 0.000000 0.787576 0.000000 -0.616217 0.800796 0.800796 0.800796
8819.553711 0.000000 2172.140381 0.000000 0.444932 0.000000 0.895564 0.798670 0.798670 0.798670
8821.310547 0.000000 2116.404297 0.000000 0.796575 0.000000 -0.604540 0.800778 0.800778 0.800778
8837.632812 0.000000 2132.182617 0.000000 0.476560 0.000000 0.879142 0.790990 0.790990 0.790990
8876.239258 0.000000 2140.942383 0.000000 0.566303 0.000000 0.824197 0.797678 0.797678 0.797678
8832.697266 0.000000 2142.383301 0.000000 0.832663 0.000000 -0.553781 0.805275 0.805275 0.805275
8930.690430 0.000000 2102.268799 0.000000 0.795133 0.000000 -0.606435 0.801562 0.801562 0.801562
8973.861328 0.000000 2059.281738 0.000000 0.981308 0.000000 0.192444 0.799304 0.799304 0.799304
8940.887695 0.000000 2071.851562 0.000000 0.995661 0.000000 -0.093059 0.800112 0.800112 0.800112
8960.231445 0.000000 2072.958008 0.000000 0.802696 0.000000 -0.596388 0.801531 0.801531 0.801531
8909.117188 0.000000 2061.234619 0.000000 0.588249 0.000000 -0.808680 0.806208 0.806208 0.806208
8910.717773 0.000000 2054.185303 0.000000 0.846712 0.000000 -0.532051 0.806387 0.806387 0.806387
9011.839844 0.000000 2045.352783 0.000000 0.991495 0.000000 0.130144 0.799922 0.799922 0.799922
8988.699219 0.000000 2073.791992 0.000000 0.730554 0.000000 -0.682855 0.801351 0.801351 0.801351
8989.294922 0.000000 2048.419922 0.000000 0.870445 0.000000 -0.492266 0.801234 0.801234 0.801234
9005.617188 0.000000 2064.198242 0.000000 0.046019 0.000000 -0.998941 0.803654 0.803654 0.803654
8993.109375 0.000000 2061.234619 0.000000 0.798972 0.000000 0.601368 0.797680 0.797680 0.797680
8927.847656 0.000000 2113.337158 0.000000 0.010370 0.000000 -0.999946 0.803740 0.803740 0.803740
8904.707031 0.000000 2141.776367 0.000000 0.526323 0.000000 -0.850284 0.800609 0.800609 0.800609
8955.574219 0.000000 2108.674072 0.000000 0.971901 0.000000 -0.235388 0.800427 0.800427 0.800427
8943.161133 0.000000 2122.330811 0.000000 0.640445 0.000000 0.768004 0.797377 0.797377 0.797377
8940.904297 0.000000 2108.457764 0.000000 0.385900 0.000000 0.922541 0.795777 0.795777 0.795777
8385.916016 0.000000 2195.250488 0.000000 0.999485 0.000000 -0.032087 0.800038 0.800038 0.800038
8339.902344 0.000000 2181.321533 0.000000 0.228830 0.000000 0.973466 0.799197 0.799197 0.799197
8367.628906 0.000000 2176.658447 0.000000 0.715801 0.000000 0.698304 0.799074 0.799074 0.799074
8426.737305 0.000000 2238.237549 0.000000 0.988254 0.000000 0.152821 0.799816 0.799816 0.799816
8469.908203 0.000000 2195.250488 0.000000 0.981508 0.000000 0.191422 0.799769 0.799769 0.799769
8423.894531 0.000000 2181.321533 0.000000 0.898869 0.000000 0.438218 0.799456 0.799456 0.799456
8400.753906 0.000000 2209.760742 0.000000 0.855512 0.000000 0.517782 0.799348 0.799348 0.799348
8460.374023 0.000000 2228.253662 0.000000 0.868127 0.000000 -0.496342 0.800934 0.800934 0.800934
8436.934570 0.000000 2207.820312 0.000000 0.263922 0.000000 -0.964544 0.802343 0.802343 0.802343
8451.621094 0.000000 2176.658447 0.000000 0.148498 0.000000 0.988913 0.798296 0.798296 0.798296
8401.349609 0.000000 2184.388672 0.000000 0.868912 0.000000 0.494967 0.799380 0.799380 0.799380
8418.183594 0.000000 2220.030518 0.000000 0.726363 0.000000 -0.687312 0.801362 0.801362 0.801362
8510.729492 0.000000 2238.237549 0.000000 0.634076 0.000000 -0.773271 0.800530 0.800530 0.800530
8553.900391 0.000000 2195.250488 0.000000 0.753315 0.000000 0.657660 0.799140 0.799140 0.799140
8507.886719 0.000000 2181.321533 0.000000 0.881846 0.000000 0.471538 0.799412 0.799412 0.799412
8484.746094 0.000000 2209.760742 0.000000 0.743112 0.000000 -0.669167 0.800439 0.800439 0.800439
8535.613281 0.000000 2176.658447 0.000000 0.212178 0.000000 -0.977231 0.801626 0.801626 0.801626
8483.584961 0.000000 2240.124756 0.000000 0.206647 0.000000 0.978416 0.798367 0.798367 0.798367
8469.908203 0.000000 2263.234863 0.000000 0.352963 0.000000 -0.935637 0.801450 0.801450 0.801450
8423.894531 0.000000 2249.305908 0.000000 0.602274 0.000000 0.798289 0.798892 0.798892 0.798892
8451.621094 0.000000 2244.642822 0.000000 0.966616 0.000000 0.256228 0.799689 0.799689 0.799689
8507.886719 0.000000 2249.305908 0.000000 0.348742 0.000000 0.937219 0.799272 0.799272 0.799272
8484.746094 0.000000 2277.745117 0.000000 0.284117 0.000000 -0.958790 0.800769 0.800769 0.800769
8485.341797 0.000000 2252.373047 0.000000 0.874077 0.000000 0.485788 0.799392 0.799392 0.799392
8594.721680 0.000000 2238.237549 0.000000 0.191780 0.000000 -0.981438 0.800826 0.800826 0.800826
8637.892578 0.000000 2195.250488 0.000000 0.869202 0.000000 0.494457 0.799380 0.799380 0.799380
8591.878906 0.000000 2181.321533 0.000000 0.864981 0.000000 0.501804 0.799370 0.799370 0.799370
8568.738281 0.000000 2209.760742 0.000000 0.559284 0.000000 -0.828976 0.801171 0.801171 0.801171
8628.358398 0.000000 2228.253662 0.000000 0.739874 0.000000 -0.672745 0.800884 0.800884 0.800884
8604.918945 0.000000 2207.820312 0.000000 0.775204 0.000000 0.631710 0.799181 0.799181 0.799181
8619.605469 0.000000 2176.658447 0.000000 0.410705 0.000000 0.911768 0.798625 0.798625 0.798625
8569.333984 0.000000 2184.388672 0.000000 0.499891 0.000000 0.866089 0.798745 0.798745 0.798745
8675.871094 0.000000 2181.321533 0.000000 0.998260 0.000000 -0.058964 0.800035 0.800035 0.800035
8652.730469 0.000000 2209.760742 0.000000 0.952609 0.000000 -0.304198 0.800370 0.800370 0.800370
8703.597656 0.000000 2176.658447 0.000000 0.153169 0.000000 -0.988200 0.806792 0.806792 0.806792
8653.326172 0.000000 2184.388672 0.000000 0.999999 0.000000 0.001127 0.799999 0.799999 0.799999
8703.140625 0.000000 2219.671387 0.000000 0.420093 0.000000 -0.907481 0.813628 0.813628 0.813628
8715.981445 0.000000 2217.643066 0.000000 0.995477 0.000000 0.094998 0.799430 0.799430 0.799430
8719.440430 0.000000 2206.295410 0.000000 0.015167 0.000000 0.999885 0.792543 0.792543 0.792543
8709.238281 0.000000 2216.226562 0.000000 0.256871 0.000000 0.966446 0.784290 0.784290 0.784290
8637.892578 0.000000 2263.234863 0.000000 0.350041 0.000000 -0.936734 0.800727 0.800727 0.800727
8591.878906 0.000000 2249.305908 0.000000 0.600104 0.000000 0.799922 0.799444 0.799444 0.799444
8721.884766 0.000000 2263.234863 0.000000 0.841831 0.000000 -0.539741 0.800342 0.800342 0.800342
8688.911133 0.000000 2275.804688 0.000000 0.957642 0.000000 0.287962 0.799475 0.799475 0.799475
8697.677734 0.000000 2269.163086 0.000000 0.826121 0.000000 0.563492 0.795696 0.795696 0.795696
8698.003906 0.000000 2279.539795 0.000000 0.541897 0.000000 0.840445 0.789235 0.789235 0.789235
8681.843750 0.000000 2273.205322 0.000000 0.821174 0.000000 0.570678 0.793450 0.793450 0.793450
8762.706055 0.000000 2238.237549 0.000000 0.996907 0.000000 0.078588 0.799953 0.799953 0.799953
8736.722656 0.000000 2209.760742 0.000000 0.245986 0.000000 0.969273 0.799208 0.799208 0.799208
8796.342773 0.000000 2228.253662 0.000000 0.388044 0.000000 0.921641 0.798595 0.798595 0.798595
8772.903320 0.000000 2207.820312 0.000000 0.709458 0.000000 0.704748 0.799063 0.799063 0.799063
8735.561523 0.000000 2240.124756 0.000000 0.847621 0.000000 -0.530603 0.800670 0.800670 0.800670
8737.318359 0.000000 2184.388672 0.000000 0.016208 0.000000 -0.999869 0.808383 0.808383 0.808383
8749.679688 0.000000 2188.367188 0.000000 0.996637 0.000000 0.081937 0.799607 0.799607 0.799607
8742.733398 0.000000 2190.154053 0.000000 0.872879 0.000000 0.487937 0.793586 0.793586 0.793586
8846.698242 0.000000 2238.237549 0.000000 0.947166 0.000000 -0.320742 0.801565 0.801565 0.801565
8889.869141 0.000000 2195.250488 0.000000 0.177045 0.000000 0.984203 0.796662 0.796662 0.796662
8843.855469 0.000000 2181.321533 0.000000 0.932643 0.000000 -0.360800 0.800221 0.800221 0.800221
8820.714844 0.000000 2209.760742 0.000000 0.537441 0.000000 -0.843301 0.800601 0.800601 0.800601
8880.334961 0.000000 2228.253662 0.000000 0.393436 0.000000 -0.919352 0.802097 0.802097 0.802097
8856.895508 0.000000 2207.820312 0.000000 0.969243 0.000000 0.246107 0.799702 0.799702 0.799702
8819.553711 0.000000 2240.124756 0.000000 0.976561 0.000000 -0.215239 0.800260 0.800260 0.800260
8821.310547 0.000000 2184.388672 0.000000 0.701015 0.000000 0.713146 0.799049 0.799049 0.799049
8838.144531 0.000000 2220.030518 0.000000 0.994507 0.000000 0.104670 0.799749 0.799749 0.799749
8876.239258 0.000000 2208.926758 0.000000 0.819822 0.000000 -0.572619 0.804018 0.804018 0.804018
8895.000000 0.000000 2214.664795 0.000000 0.514317 0.000000 -0.857600 0.802470 0.802470 0.802470
8874.893555 0.000000 2194.991211 0.000000 0.032450 0.000000 -0.999473 0.806452 0.806452 0.806452
8832.880859 0.000000 2236.606445 0.000000 0.189241 0.000000 0.981931 0.795865 0.795865 0.795865
8883.965820 0.000000 2217.643066 0.000000 0.663931 0.000000 -0.747794 0.804555 0.804555 0.804555
8887.424805 0.000000 2206.295410 0.000000 0.569107 0.000000 0.822263 0.794794 0.794794 0.794794
8759.863281 0.000000 2249.305908 0.000000 0.860236 0.000000 0.509896 0.798718 0.798718 0.798718
8736.722656 0.000000 2277.745117 0.000000 0.811442 0.000000 0.584432 0.799252 0.799252 0.799252
8737.318359 0.000000 2252.373047 0.000000 0.839731 0.000000 -0.543002 0.801376 0.801376 0.801376
8753.640625 0.000000 2268.151367 0.000000 0.468851 0.000000 0.883277 0.797405 0.797405 0.797405
8749.679688 0.000000 2256.351562 0.000000 0.714998 0.000000 -0.699127 0.802783 0.802783 0.802783
8843.855469 0.000000 2249.305908 0.000000 0.843206 0.000000 -0.537590 0.802381 0.802381 0.802381
8821.310547 0.000000 2252.373047 0.000000 0.869678 0.000000 0.493619 0.799381 0.799381 0.799381
8856.912109 0.000000 2244.426514 0.000000 0.897193 0.000000 0.441639 0.798630 0.798630 0.798630
8832.117188 0.000000 2244.460693 0.000000 0.375829 0.000000 0.926689 0.795738 0.795738 0.795738
8904.707031 0.000000 2209.760742 0.000000 0.540297 0.000000 0.841475 0.799401 0.799401 0.799401
"}
