object={
	name="tree_leaf_colored_high_generator_3_0"
	clamp_to_water_level=no
	render_under_water=no
	generated_content=yes
	layer="tree_high_layer"
	pdxmesh="tree_leaf_colored_c_mesh"
	count=7
	transform="8953.929688 0.000000 2918.844727 0.000000 0.673699 0.000000 0.739006 0.790533 0.790533 0.790533
8915.945312 0.000000 2943.093506 0.000000 0.841480 0.000000 0.540289 0.793160 0.793160 0.793160
8905.063477 0.000000 2967.516357 0.000000 0.190207 0.000000 0.981744 0.767766 0.767766 0.767766
8910.043945 0.000000 3027.713623 0.000000 0.912942 0.000000 -0.408089 0.808312 0.808312 0.808312
8910.717773 0.000000 3073.950928 0.000000 0.684934 0.000000 0.728605 0.790218 0.790218 0.790218
8892.725586 0.000000 3180.468262 0.000000 0.961655 0.000000 0.274262 0.794340 0.794340 0.794340
8921.705078 0.000000 3276.818115 0.000000 0.423433 0.000000 -0.905928 0.857053 0.857053 0.857053
"}
