object={
	name="tree_leaf_high_generator_2_0"
	clamp_to_water_level=no
	render_under_water=no
	generated_content=yes
	layer="tree_high_layer"
	pdxmesh="tree_leaf_01_b_mesh"
	count=1026
	transform="2664.891113 0.000000 933.162109 0.000000 0.626000 0.000000 -0.779823 0.424115 0.424115 0.424115
2680.204346 0.000000 938.009033 0.000000 0.616987 0.000000 0.786973 0.368790 0.368790 0.368790
2665.933105 0.000000 926.060791 0.000000 0.786526 0.000000 -0.617557 0.433236 0.433236 0.433236
2667.293457 0.000000 932.404846 0.000000 0.841365 0.000000 0.540467 0.370920 0.370920 0.370920
2681.060303 0.000000 935.743164 0.000000 0.967469 0.000000 0.252990 0.388123 0.388123 0.388123
2658.092773 0.000000 962.864258 0.000000 0.704578 0.000000 0.709626 0.383061 0.383061 0.383061
2651.304932 0.000000 956.403503 0.000000 0.178139 0.000000 -0.984005 0.456981 0.456981 0.456981
2663.760986 0.000000 959.307800 0.000000 0.952522 0.000000 -0.304468 0.414675 0.414675 0.414675
2661.495850 0.000000 957.216431 0.000000 0.617451 0.000000 -0.786610 0.441586 0.441586 0.441586
2679.303223 0.000000 986.999023 0.000000 0.992092 0.000000 -0.125516 0.406347 0.406347 0.406347
2651.460449 0.000000 963.528015 0.000000 0.532701 0.000000 -0.846303 0.445846 0.445846 0.445846
2670.316650 0.000000 1003.275757 0.000000 0.800885 0.000000 -0.598818 0.448726 0.448726 0.448726
2653.115723 0.000000 959.818054 0.000000 0.998583 0.000000 -0.053208 0.402605 0.402605 0.402605
2674.282471 0.000000 983.216064 0.000000 0.610542 0.000000 -0.791984 0.445183 0.445183 0.445183
2663.687500 0.000000 964.014343 0.000000 0.862039 0.000000 -0.506843 0.426274 0.426274 0.426274
2670.289551 0.000000 984.095581 0.000000 0.787237 0.000000 -0.616650 0.437823 0.437823 0.437823
2669.312256 0.000000 998.738464 0.000000 0.752311 0.000000 -0.658808 0.453868 0.453868 0.453868
2659.195312 0.000000 956.750916 0.000000 0.608076 0.000000 0.793879 0.336345 0.336345 0.336345
2681.233154 0.000000 1153.786499 0.000000 0.968280 0.000000 -0.249866 0.412862 0.412862 0.412862
2687.325928 0.000000 1155.909790 0.000000 0.071092 0.000000 0.997470 0.382029 0.382029 0.382029
2689.352539 0.000000 935.344666 0.000000 0.935903 0.000000 0.352259 0.390114 0.390114 0.390114
2690.126709 0.000000 937.645996 0.000000 0.419854 0.000000 -0.907592 0.452821 0.452821 0.452821
2810.562256 0.000000 936.065613 0.000000 0.524617 0.000000 0.851338 0.377623 0.377623 0.377623
2804.577881 0.000000 940.373169 0.000000 0.710404 0.000000 -0.703794 0.479524 0.479524 0.479524
2807.942383 0.000000 943.974304 0.000000 0.991163 0.000000 0.132648 0.388840 0.388840 0.388840
2809.875488 0.000000 939.218506 0.000000 0.817772 0.000000 0.575543 0.359886 0.359886 0.359886
2806.167969 0.000000 936.567383 0.000000 0.678220 0.000000 0.734859 0.343122 0.343122 0.343122
2809.986084 0.000000 934.007507 0.000000 0.955040 0.000000 0.296477 0.380913 0.380913 0.380913
2701.301758 0.000000 957.586304 0.000000 0.161458 0.000000 -0.986880 0.420397 0.420397 0.420397
2748.883301 0.000000 1001.146484 0.000000 0.970847 0.000000 -0.239700 0.407373 0.407373 0.407373
2695.496582 0.000000 1007.050720 0.000000 0.788949 0.000000 -0.614459 0.416520 0.416520 0.416520
2727.882324 0.000000 1000.674072 0.000000 0.352654 0.000000 -0.935754 0.436866 0.436866 0.436866
2758.737305 0.000000 1006.486938 0.000000 0.823345 0.000000 0.567541 0.381920 0.381920 0.381920
2708.392822 0.000000 968.789490 0.000000 0.490015 0.000000 0.871714 0.352953 0.352953 0.352953
2699.494141 0.000000 955.332703 0.000000 0.639658 0.000000 -0.768659 0.435021 0.435021 0.435021
2697.932373 0.000000 952.584290 0.000000 0.953828 0.000000 -0.300354 0.414014 0.414014 0.414014
2760.264404 0.000000 1002.456116 0.000000 0.556842 0.000000 0.830618 0.359377 0.359377 0.359377
2770.704102 0.000000 1018.627258 0.000000 0.640154 0.000000 0.768247 0.362817 0.362817 0.362817
2754.651855 0.000000 1015.610107 0.000000 0.084676 0.000000 -0.996409 0.466779 0.466779 0.466779
2717.270508 0.000000 987.471130 0.000000 0.276164 0.000000 0.961110 0.337473 0.337473 0.337473
2694.042725 0.000000 955.266357 0.000000 0.652649 0.000000 -0.757660 0.441639 0.441639 0.441639
2718.989990 0.000000 985.574951 0.000000 0.965519 0.000000 -0.260332 0.413282 0.413282 0.413282
2698.924805 0.000000 957.672913 0.000000 0.326745 0.000000 0.945112 0.338807 0.338807 0.338807
2744.175049 0.000000 1013.101929 0.000000 0.928157 0.000000 -0.372188 0.419423 0.419423 0.419423
2758.785645 0.000000 1004.239990 0.000000 0.687474 0.000000 0.726209 0.355764 0.355764 0.355764
2725.628662 0.000000 997.963257 0.000000 0.995296 0.000000 -0.096885 0.405863 0.405863 0.405863
2722.644043 0.000000 999.352478 0.000000 0.156267 0.000000 0.987715 0.320226 0.320226 0.320226
2760.496338 0.000000 1033.065186 0.000000 0.778026 0.000000 0.628232 0.371849 0.371849 0.371849
2757.498047 0.000000 1032.503296 0.000000 0.991730 0.000000 0.128340 0.393510 0.393510 0.393510
2758.132080 0.000000 1028.398804 0.000000 0.663971 0.000000 -0.747758 0.437958 0.437958 0.437958
2745.491211 0.000000 1020.469788 0.000000 0.981164 0.000000 -0.193177 0.412133 0.412133 0.412133
4440.918457 0.000000 637.911560 0.000000 0.567395 0.000000 0.823446 0.392754 0.392754 0.392754
4439.635742 0.000000 641.610596 0.000000 0.177862 0.000000 -0.984055 0.431276 0.431276 0.431276
4441.336426 0.000000 634.008362 0.000000 0.325007 0.000000 -0.945712 0.423523 0.423523 0.423523
4428.258301 0.000000 644.875183 0.000000 0.028069 0.000000 0.999606 0.356863 0.356863 0.356863
4431.906738 0.000000 644.292358 0.000000 0.402803 0.000000 0.915286 0.370557 0.370557 0.370557
4449.867188 0.000000 638.699646 0.000000 0.914650 0.000000 -0.404247 0.410390 0.410390 0.410390
4435.422852 0.000000 652.992188 0.000000 0.581754 0.000000 0.813365 0.368222 0.368222 0.368222
4437.557617 0.000000 651.655823 0.000000 0.805180 0.000000 0.593031 0.370839 0.370839 0.370839
4450.585449 0.000000 645.984070 0.000000 0.998953 0.000000 0.045744 0.396596 0.396596 0.396596
4447.029785 0.000000 638.074341 0.000000 0.994124 0.000000 -0.108248 0.405036 0.405036 0.405036
4422.715820 0.000000 646.787048 0.000000 0.261312 0.000000 -0.965254 0.480886 0.480886 0.480886
4447.579590 0.000000 671.144653 0.000000 0.763384 0.000000 0.645946 0.347052 0.347052 0.347052
4426.693359 0.000000 646.592407 0.000000 0.806476 0.000000 -0.591267 0.442012 0.442012 0.442012
4441.253418 0.000000 640.097168 0.000000 0.972196 0.000000 -0.234171 0.413336 0.413336 0.413336
4434.854980 0.000000 640.529297 0.000000 0.799721 0.000000 -0.600372 0.444051 0.444051 0.444051
4447.742676 0.000000 642.479553 0.000000 0.823466 0.000000 0.567365 0.358430 0.358430 0.358430
4436.594727 0.000000 647.019348 0.000000 0.460096 0.000000 0.887869 0.336711 0.336711 0.336711
4441.533203 0.000000 642.531494 0.000000 0.943136 0.000000 0.332408 0.379189 0.379189 0.379189
4442.641602 0.000000 632.245117 0.000000 0.655327 0.000000 -0.755345 0.456002 0.456002 0.456002
4440.085938 0.000000 643.983826 0.000000 0.593133 0.000000 -0.805104 0.457475 0.457475 0.457475
4456.257812 0.000000 661.959839 0.000000 0.854221 0.000000 -0.519910 0.400819 0.400819 0.400819
4457.531250 0.000000 633.562744 0.000000 0.919359 0.000000 0.393421 0.354775 0.354775 0.354775
4473.005371 0.000000 666.404785 0.000000 0.783978 0.000000 -0.620788 0.478921 0.478921 0.478921
4459.132324 0.000000 626.513306 0.000000 0.342044 0.000000 -0.939684 0.406100 0.406100 0.406100
4472.710449 0.000000 673.032593 0.000000 0.697365 0.000000 -0.716717 0.491768 0.491768 0.491768
4467.803711 0.000000 667.945312 0.000000 0.929518 0.000000 0.368777 0.395097 0.395097 0.395097
4454.220703 0.000000 651.001831 0.000000 0.970747 0.000000 -0.240106 0.426999 0.426999 0.426999
4466.581543 0.000000 658.538696 0.000000 0.883383 0.000000 0.468652 0.345202 0.345202 0.345202
4457.459961 0.000000 651.172729 0.000000 0.545057 0.000000 0.838399 0.365246 0.365246 0.365246
4470.166992 0.000000 666.297241 0.000000 0.147852 0.000000 -0.989009 0.453977 0.453977 0.453977
4459.012695 0.000000 635.885559 0.000000 0.748317 0.000000 -0.663342 0.425350 0.425350 0.425350
4462.735840 0.000000 665.134216 0.000000 0.183204 0.000000 -0.983075 0.518386 0.518386 0.518386
4476.916992 0.000000 675.050110 0.000000 0.951574 0.000000 -0.307421 0.422312 0.422312 0.422312
4442.461426 0.000000 686.162476 0.000000 0.843736 0.000000 0.536758 0.392927 0.392927 0.392927
4424.074219 0.000000 682.750427 0.000000 0.765804 0.000000 0.643074 0.390932 0.390932 0.390932
4430.895508 0.000000 682.763672 0.000000 0.760832 0.000000 0.648948 0.384132 0.384132 0.384132
4450.480957 0.000000 684.301147 0.000000 0.755882 0.000000 -0.654708 0.424236 0.424236 0.424236
4437.341797 0.000000 692.581421 0.000000 0.386382 0.000000 0.922339 0.299754 0.299754 0.299754
4426.699707 0.000000 682.441528 0.000000 0.995376 0.000000 0.096060 0.392890 0.392890 0.392890
4444.141602 0.000000 687.836609 0.000000 0.895485 0.000000 0.445091 0.375125 0.375125 0.375125
4442.627441 0.000000 692.604797 0.000000 0.174662 0.000000 0.984628 0.296895 0.296895 0.296895
4432.360352 0.000000 691.318970 0.000000 0.087431 0.000000 -0.996171 0.495538 0.495538 0.495538
4456.747070 0.000000 685.508423 0.000000 0.878954 0.000000 0.476907 0.392802 0.392802 0.392802
4461.768066 0.000000 680.646790 0.000000 0.999989 0.000000 0.004617 0.399786 0.399786 0.399786
4451.958496 0.000000 686.587891 0.000000 0.959892 0.000000 -0.280369 0.410216 0.410216 0.410216
4459.254883 0.000000 685.394226 0.000000 0.813503 0.000000 0.581561 0.370560 0.370560 0.370560
4457.878906 0.000000 683.328857 0.000000 0.984921 0.000000 -0.173008 0.407988 0.407988 0.407988
4462.760742 0.000000 685.735413 0.000000 0.992928 0.000000 0.118717 0.392276 0.392276 0.392276
2720.103516 0.000000 1180.681396 0.000000 0.964913 0.000000 -0.262568 0.406633 0.406633 0.406633
2703.201904 0.000000 1174.488037 0.000000 0.495192 0.000000 0.868784 0.346384 0.346384 0.346384
2720.945312 0.000000 1185.426636 0.000000 0.117475 0.000000 0.993076 0.326722 0.326722 0.326722
2704.349609 0.000000 1170.440796 0.000000 0.700955 0.000000 -0.713205 0.440441 0.440441 0.440441
2720.610596 0.000000 1182.864014 0.000000 0.953009 0.000000 -0.302941 0.415675 0.415675 0.415675
2935.962646 0.000000 2169.167969 0.000000 0.998300 0.000000 -0.058282 0.406377 0.406377 0.406377
2919.009033 0.000000 2143.183594 0.000000 0.690510 0.000000 -0.723323 0.406056 0.406056 0.406056
2930.822266 0.000000 2151.442871 0.000000 0.116823 0.000000 -0.993153 0.420324 0.420324 0.420324
2923.563721 0.000000 2148.648438 0.000000 0.131979 0.000000 -0.991252 0.453148 0.453148 0.453148
2936.434814 0.000000 2155.781738 0.000000 0.994182 0.000000 -0.107711 0.404688 0.404688 0.404688
2925.698486 0.000000 2147.312012 0.000000 0.284985 0.000000 -0.958532 0.509443 0.509443 0.509443
2922.636230 0.000000 2171.344482 0.000000 0.672547 0.000000 -0.740054 0.443264 0.443264 0.443264
2929.224609 0.000000 2149.503174 0.000000 0.309185 0.000000 0.951002 0.337264 0.337264 0.337264
2937.191650 0.000000 2150.940918 0.000000 0.008816 0.000000 -0.999961 0.533365 0.533365 0.533365
2938.322754 0.000000 2168.451416 0.000000 0.984095 0.000000 -0.177642 0.415159 0.415159 0.415159
2938.725830 0.000000 2141.640381 0.000000 0.636430 0.000000 0.771334 0.337100 0.337100 0.337100
2924.368652 0.000000 2169.244385 0.000000 0.799115 0.000000 -0.601179 0.438001 0.438001 0.438001
2936.580322 0.000000 2141.092285 0.000000 0.138998 0.000000 0.990293 0.312094 0.312094 0.312094
2923.593750 0.000000 2146.094971 0.000000 0.000126 0.000000 1.000000 0.305890 0.305890 0.305890
2928.517578 0.000000 2141.693115 0.000000 0.365286 0.000000 0.930895 0.322312 0.322312 0.322312
3014.901123 0.000000 2174.106201 0.000000 0.999601 0.000000 0.028254 0.396684 0.396684 0.396684
2982.232178 0.000000 2158.675293 0.000000 0.971991 0.000000 -0.235019 0.427008 0.427008 0.427008
2944.398438 0.000000 2157.615967 0.000000 0.934348 0.000000 0.356363 0.358519 0.358519 0.358519
2990.484375 0.000000 2171.016602 0.000000 0.945223 0.000000 -0.326424 0.436692 0.436692 0.436692
2969.906250 0.000000 2157.383057 0.000000 0.581561 0.000000 -0.813503 0.510065 0.510065 0.510065
3004.512695 0.000000 2149.658691 0.000000 0.635070 0.000000 -0.772455 0.403085 0.403085 0.403085
2952.975098 0.000000 2158.647705 0.000000 0.316268 0.000000 -0.948670 0.547803 0.547803 0.547803
2945.233643 0.000000 2165.700439 0.000000 0.821156 0.000000 -0.570703 0.467627 0.467627 0.467627
2940.007080 0.000000 2162.349121 0.000000 0.987548 0.000000 0.157315 0.381464 0.381464 0.381464
2988.091797 0.000000 2156.471924 0.000000 0.502115 0.000000 -0.864801 0.408347 0.408347 0.408347
2983.636475 0.000000 2138.509033 0.000000 0.339630 0.000000 0.940559 0.387163 0.387163 0.387163
2962.680664 0.000000 2149.178955 0.000000 0.996459 0.000000 -0.084075 0.401009 0.401009 0.401009
2948.986572 0.000000 2167.873779 0.000000 0.515819 0.000000 0.856698 0.287498 0.287498 0.287498
2950.638184 0.000000 2145.769287 0.000000 0.021909 0.000000 0.999760 0.225218 0.225218 0.225218
2993.430176 0.000000 2164.911377 0.000000 0.945380 0.000000 0.325970 0.394032 0.394032 0.394032
2982.300537 0.000000 2115.905273 0.000000 0.799531 0.000000 -0.600624 0.417693 0.417693 0.417693
3018.934570 0.000000 2157.932861 0.000000 0.435689 0.000000 -0.900097 0.430757 0.430757 0.430757
2964.538086 0.000000 2151.810547 0.000000 0.941773 0.000000 -0.336248 0.410959 0.410959 0.410959
2998.228760 0.000000 2169.741699 0.000000 0.819075 0.000000 0.573687 0.379255 0.379255 0.379255
2964.043945 0.000000 2168.656006 0.000000 0.881444 0.000000 -0.472288 0.413999 0.413999 0.413999
2983.370361 0.000000 2143.767334 0.000000 0.964922 0.000000 -0.262538 0.407826 0.407826 0.407826
3002.933594 0.000000 2174.577393 0.000000 0.441097 0.000000 -0.897460 0.434486 0.434486 0.434486
2988.532715 0.000000 2163.433594 0.000000 0.543397 0.000000 -0.839476 0.439300 0.439300 0.439300
2961.599854 0.000000 2152.012695 0.000000 0.481517 0.000000 0.876437 0.365325 0.365325 0.365325
2946.580811 0.000000 2169.358398 0.000000 0.742483 0.000000 -0.669864 0.463772 0.463772 0.463772
2964.506592 0.000000 2132.533447 0.000000 0.964589 0.000000 -0.263758 0.412794 0.412794 0.412794
2948.191162 0.000000 2151.961182 0.000000 0.997886 0.000000 -0.064985 0.406169 0.406169 0.406169
2989.963135 0.000000 2110.527344 0.000000 0.492886 0.000000 -0.870094 0.443211 0.443211 0.443211
2987.273682 0.000000 2112.137939 0.000000 0.257725 0.000000 0.966218 0.345705 0.345705 0.345705
2957.760254 0.000000 2154.827637 0.000000 0.425062 0.000000 0.905164 0.348011 0.348011 0.348011
2975.124023 0.000000 2138.346680 0.000000 0.424852 0.000000 -0.905263 0.448043 0.448043 0.448043
3012.717041 0.000000 2166.439209 0.000000 0.851801 0.000000 -0.523865 0.422575 0.422575 0.422575
3002.078857 0.000000 2163.260498 0.000000 0.634255 0.000000 0.773124 0.366905 0.366905 0.366905
2975.926758 0.000000 2167.693115 0.000000 0.767381 0.000000 0.641191 0.338485 0.338485 0.338485
2940.897949 0.000000 2169.695801 0.000000 0.707835 0.000000 0.706378 0.341254 0.341254 0.341254
3017.481445 0.000000 2168.252930 0.000000 0.953855 0.000000 0.300268 0.377006 0.377006 0.377006
2959.658447 0.000000 2159.717773 0.000000 0.096716 0.000000 0.995312 0.331557 0.331557 0.331557
2966.378174 0.000000 2167.512939 0.000000 0.018912 0.000000 0.999821 0.336461 0.336461 0.336461
2963.481934 0.000000 2174.988037 0.000000 0.999436 0.000000 -0.033572 0.401710 0.401710 0.401710
2976.108887 0.000000 2158.944580 0.000000 0.704276 0.000000 0.709926 0.336936 0.336936 0.336936
2962.385010 0.000000 2164.339355 0.000000 0.690504 0.000000 -0.723328 0.432703 0.432703 0.432703
2969.916748 0.000000 2146.371338 0.000000 0.979812 0.000000 0.199920 0.388744 0.388744 0.388744
3000.372070 0.000000 2171.220947 0.000000 0.984404 0.000000 -0.175922 0.408830 0.408830 0.408830
2996.138184 0.000000 2164.284912 0.000000 0.865351 0.000000 -0.501167 0.422279 0.422279 0.422279
2964.359375 0.000000 2157.724854 0.000000 0.826257 0.000000 0.563293 0.365641 0.365641 0.365641
2975.127930 0.000000 2141.753418 0.000000 0.232184 0.000000 0.972672 0.307243 0.307243 0.307243
2971.048584 0.000000 2166.115967 0.000000 0.966221 0.000000 0.257714 0.388026 0.388026 0.388026
2982.379395 0.000000 2164.447266 0.000000 0.960870 0.000000 -0.276999 0.416817 0.416817 0.416817
2974.603271 0.000000 2165.455322 0.000000 0.961449 0.000000 0.274982 0.378301 0.378301 0.378301
3022.314941 0.000000 2168.451416 0.000000 0.456483 0.000000 -0.889732 0.476667 0.476667 0.476667
2967.025879 0.000000 2165.074219 0.000000 0.545359 0.000000 -0.838203 0.454593 0.454593 0.454593
2944.994141 0.000000 2171.887207 0.000000 0.996689 0.000000 0.081309 0.394107 0.394107 0.394107
2987.078857 0.000000 2165.458984 0.000000 0.342132 0.000000 -0.939652 0.486615 0.486615 0.486615
3017.029053 0.000000 2159.461914 0.000000 0.536735 0.000000 -0.843751 0.462678 0.462678 0.462678
2977.859863 0.000000 2162.937256 0.000000 0.574079 0.000000 -0.818800 0.476639 0.476639 0.476639
3009.773193 0.000000 2153.211182 0.000000 0.315883 0.000000 0.948798 0.301433 0.301433 0.301433
2955.467041 0.000000 2169.848877 0.000000 0.428896 0.000000 0.903354 0.330753 0.330753 0.330753
2960.460449 0.000000 2140.141357 0.000000 0.998958 0.000000 -0.045641 0.402234 0.402234 0.402234
2947.183594 0.000000 2139.412598 0.000000 0.179603 0.000000 0.983739 0.304208 0.304208 0.304208
3019.712646 0.000000 2166.801025 0.000000 0.925025 0.000000 0.379907 0.381710 0.381710 0.381710
2999.251465 0.000000 2166.226562 0.000000 0.091900 0.000000 -0.995768 0.485650 0.485650 0.485650
2986.152344 0.000000 2163.244873 0.000000 0.875447 0.000000 -0.483314 0.433751 0.433751 0.433751
2966.874268 0.000000 2143.103516 0.000000 0.223070 0.000000 -0.974802 0.498110 0.498110 0.498110
2942.609619 0.000000 2171.836670 0.000000 0.101231 0.000000 0.994863 0.303154 0.303154 0.303154
2974.152344 0.000000 2160.286133 0.000000 0.591731 0.000000 -0.806136 0.464605 0.464605 0.464605
2995.490723 0.000000 2158.951904 0.000000 0.821243 0.000000 -0.570578 0.444568 0.444568 0.444568
2989.084473 0.000000 2115.552490 0.000000 0.336313 0.000000 -0.941750 0.477244 0.477244 0.477244
2958.456787 0.000000 2174.031494 0.000000 0.999945 0.000000 0.010481 0.399309 0.399309 0.399309
3015.736084 0.000000 2166.405273 0.000000 0.704243 0.000000 -0.709959 0.448878 0.448878 0.448878
2945.115967 0.000000 2138.372070 0.000000 0.507056 0.000000 0.861913 0.332556 0.332556 0.332556
2982.108887 0.000000 2118.257324 0.000000 0.007952 0.000000 0.999968 0.317284 0.317284 0.317284
3012.161377 0.000000 2164.067139 0.000000 0.820300 0.000000 0.571934 0.358351 0.358351 0.358351
2972.969727 0.000000 2169.657471 0.000000 0.579875 0.000000 0.814706 0.334387 0.334387 0.334387
2954.659180 0.000000 2134.027832 0.000000 0.811064 0.000000 0.584957 0.361938 0.361938 0.361938
2986.400146 0.000000 2114.132812 0.000000 0.788853 0.000000 0.614582 0.356378 0.356378 0.356378
2957.677246 0.000000 2165.025879 0.000000 0.999975 0.000000 -0.007042 0.400440 0.400440 0.400440
2942.511963 0.000000 2139.997070 0.000000 0.996715 0.000000 -0.080988 0.405060 0.405060 0.405060
2978.352051 0.000000 2145.096436 0.000000 0.965092 0.000000 -0.261913 0.417863 0.417863 0.417863
2980.025635 0.000000 2154.302246 0.000000 0.348739 0.000000 -0.937220 0.469741 0.469741 0.469741
2985.876465 0.000000 2170.412598 0.000000 0.116738 0.000000 0.993163 0.304908 0.304908 0.304908
2969.390381 0.000000 2148.371826 0.000000 0.980060 0.000000 0.198704 0.387515 0.387515 0.387515
3029.225830 0.000000 2165.700439 0.000000 0.947517 0.000000 0.319707 0.362303 0.362303 0.362303
3032.978760 0.000000 2167.873779 0.000000 0.045282 0.000000 0.998974 0.377149 0.377149 0.377149
3047.745605 0.000000 2172.479004 0.000000 0.525060 0.000000 0.851065 0.384751 0.384751 0.384751
3091.363770 0.000000 2152.825928 0.000000 0.529420 0.000000 0.848360 0.378253 0.378253 0.378253
3053.285156 0.000000 2173.872070 0.000000 0.989581 0.000000 0.143979 0.397475 0.397475 0.397475
3041.008545 0.000000 2167.291016 0.000000 0.247715 0.000000 -0.968833 0.429010 0.429010 0.429010
3054.874268 0.000000 2170.186279 0.000000 0.904527 0.000000 0.426415 0.387682 0.387682 0.387682
3082.220947 0.000000 2169.741699 0.000000 0.135590 0.000000 0.990765 0.354867 0.354867 0.354867
3052.682861 0.000000 2160.322266 0.000000 0.780700 0.000000 0.624907 0.380452 0.380452 0.380452
3045.592041 0.000000 2152.012695 0.000000 0.734607 0.000000 -0.678493 0.424574 0.424574 0.424574
3032.239258 0.000000 2165.350830 0.000000 0.433309 0.000000 0.901245 0.354036 0.354036 0.354036
3030.024414 0.000000 2159.649902 0.000000 0.982728 0.000000 0.185057 0.385316 0.385316 0.385316
3055.040771 0.000000 2166.115967 0.000000 0.981099 0.000000 0.193509 0.390374 0.390374 0.390374
3028.986328 0.000000 2171.887207 0.000000 0.986445 0.000000 0.164093 0.387243 0.387243 0.387243
3030.002686 0.000000 2174.178467 0.000000 0.585947 0.000000 -0.810349 0.446229 0.446229 0.446229
3049.049805 0.000000 2170.706299 0.000000 0.993982 0.000000 -0.109541 0.406741 0.406741 0.406741
3029.174561 0.000000 2167.795166 0.000000 0.164092 0.000000 -0.986445 0.494069 0.494069 0.494069
3031.087646 0.000000 2157.939697 0.000000 0.899391 0.000000 -0.437145 0.428915 0.428915 0.428915
4628.034668 0.000000 1880.023682 0.000000 0.597766 0.000000 -0.801671 0.440403 0.440403 0.440403
4634.490723 0.000000 1902.686890 0.000000 0.280481 0.000000 0.959860 0.347326 0.347326 0.347326
4622.355469 0.000000 1868.059448 0.000000 0.831126 0.000000 0.556085 0.358780 0.358780 0.358780
4533.875000 0.000000 1967.676025 0.000000 0.301200 0.000000 0.953561 0.357055 0.357055 0.357055
4528.032715 0.000000 1957.774658 0.000000 0.246678 0.000000 -0.969097 0.443551 0.443551 0.443551
4533.441895 0.000000 1958.904785 0.000000 0.772132 0.000000 0.635463 0.370087 0.370087 0.370087
4524.576660 0.000000 1962.486084 0.000000 0.309755 0.000000 0.950816 0.345445 0.345445 0.345445
4524.156250 0.000000 1969.955078 0.000000 0.333650 0.000000 0.942697 0.346542 0.346542 0.346542
4529.340820 0.000000 1964.299805 0.000000 0.497396 0.000000 0.867524 0.354379 0.354379 0.354379
4534.174316 0.000000 1964.498169 0.000000 0.964909 0.000000 0.262586 0.388458 0.388458 0.388458
4531.229492 0.000000 1959.819336 0.000000 0.444669 0.000000 -0.895695 0.448218 0.448218 0.448218
4533.148438 0.000000 2007.728027 0.000000 0.187823 0.000000 0.982203 0.390340 0.390340 0.390340
4502.648438 0.000000 1993.873535 0.000000 0.999403 0.000000 -0.034538 0.400345 0.400345 0.400345
4511.991699 0.000000 1976.476318 0.000000 0.661106 0.000000 -0.750292 0.411015 0.411015 0.411015
4499.189941 0.000000 1986.005737 0.000000 0.616662 0.000000 0.787228 0.385519 0.385519 0.385519
4511.351074 0.000000 2027.908813 0.000000 0.099152 0.000000 0.995072 0.371346 0.371346 0.371346
4521.333008 0.000000 2022.041870 0.000000 0.675259 0.000000 -0.737580 0.420294 0.420294 0.420294
4507.648438 0.000000 2008.637817 0.000000 0.916929 0.000000 -0.399050 0.411683 0.411683 0.411683
4520.902832 0.000000 1999.305664 0.000000 0.253511 0.000000 0.967333 0.360620 0.360620 0.360620
4519.929688 0.000000 1993.084106 0.000000 0.188447 0.000000 -0.982083 0.442759 0.442759 0.442759
4496.515625 0.000000 1973.923584 0.000000 0.609055 0.000000 0.793128 0.360212 0.360212 0.360212
4520.434570 0.000000 2019.400635 0.000000 0.600772 0.000000 0.799421 0.359760 0.359760 0.359760
4501.822754 0.000000 1974.558716 0.000000 0.993551 0.000000 0.113390 0.395574 0.395574 0.395574
4517.337402 0.000000 1994.831421 0.000000 0.909890 0.000000 0.414850 0.380563 0.380563 0.380563
4533.319336 0.000000 2012.579590 0.000000 0.515664 0.000000 -0.856791 0.438021 0.438021 0.438021
4502.979980 0.000000 2000.587646 0.000000 0.271365 0.000000 0.962476 0.343703 0.343703 0.343703
4511.589355 0.000000 1979.073364 0.000000 0.935968 0.000000 -0.352084 0.415630 0.415630 0.415630
4521.549805 0.000000 2011.343384 0.000000 0.516671 0.000000 -0.856184 0.444649 0.444649 0.444649
4500.257324 0.000000 1992.880981 0.000000 0.716902 0.000000 0.697174 0.359555 0.359555 0.359555
4507.844727 0.000000 1998.642822 0.000000 0.968978 0.000000 -0.247148 0.410848 0.410848 0.410848
4497.213379 0.000000 1987.633545 0.000000 0.357774 0.000000 -0.933808 0.452341 0.452341 0.452341
4519.702148 0.000000 1986.232178 0.000000 0.309528 0.000000 0.950890 0.345435 0.345435 0.345435
4543.291016 0.000000 1968.153442 0.000000 0.432958 0.000000 0.901414 0.391028 0.391028 0.391028
4601.972656 0.000000 1970.105225 0.000000 0.220972 0.000000 0.975280 0.373078 0.373078 0.373078
4611.434082 0.000000 1953.361084 0.000000 0.415228 0.000000 0.909718 0.377179 0.377179 0.377179
4579.249512 0.000000 1958.115479 0.000000 0.909126 0.000000 -0.416521 0.412871 0.412871 0.412871
4575.710449 0.000000 1952.455322 0.000000 0.006728 0.000000 0.999977 0.352362 0.352362 0.352362
4612.024902 0.000000 1957.774658 0.000000 0.686614 0.000000 -0.727022 0.435359 0.435359 0.435359
4549.565430 0.000000 1967.846680 0.000000 0.679163 0.000000 -0.733988 0.435802 0.435802 0.435802
4604.426758 0.000000 1951.416260 0.000000 0.954243 0.000000 -0.299031 0.409704 0.409704 0.409704
4554.159180 0.000000 1958.000366 0.000000 0.787268 0.000000 0.616611 0.371137 0.371137 0.371137
4542.432129 0.000000 1965.405273 0.000000 0.557904 0.000000 0.829905 0.363341 0.363341 0.363341
4544.042480 0.000000 1948.008057 0.000000 0.567962 0.000000 -0.823055 0.440548 0.440548 0.440548
4608.568848 0.000000 1962.486084 0.000000 0.391959 0.000000 -0.919983 0.501479 0.501479 0.501479
4608.092773 0.000000 1954.237305 0.000000 0.237983 0.000000 -0.971269 0.457797 0.457797 0.457797
4544.150879 0.000000 1942.887817 0.000000 0.966204 0.000000 0.257780 0.388674 0.388674 0.388674
4597.930176 0.000000 1959.307373 0.000000 0.994549 0.000000 -0.104270 0.404538 0.404538 0.404538
4536.749512 0.000000 1965.742676 0.000000 0.996646 0.000000 0.081840 0.396441 0.396441 0.396441
4541.883789 0.000000 1955.696899 0.000000 0.906103 0.000000 -0.423058 0.418975 0.418975 0.418975
4579.765625 0.000000 1963.689575 0.000000 0.070255 0.000000 0.997529 0.334819 0.334819 0.334819
4559.575195 0.000000 1957.362305 0.000000 0.247603 0.000000 -0.968861 0.450113 0.450113 0.450113
4591.989746 0.000000 1960.331787 0.000000 0.116961 0.000000 -0.993137 0.463143 0.463143 0.463143
4573.374512 0.000000 1967.274414 0.000000 0.941980 0.000000 -0.335669 0.413332 0.413332 0.413332
4602.479980 0.000000 1967.391357 0.000000 0.965030 0.000000 0.262138 0.377486 0.377486 0.377486
4578.230957 0.000000 1960.494141 0.000000 0.999463 0.000000 0.032780 0.398576 0.398576 0.398576
4597.367676 0.000000 1961.656494 0.000000 0.981674 0.000000 -0.190570 0.408329 0.408329 0.408329
4613.053711 0.000000 1969.598999 0.000000 0.368452 0.000000 -0.929647 0.464953 0.464953 0.464953
4611.587891 0.000000 1962.452148 0.000000 0.568035 0.000000 0.823004 0.336770 0.336770 0.336770
4610.675293 0.000000 1967.773926 0.000000 0.477636 0.000000 0.878558 0.340540 0.340540 0.340540
4628.464355 0.000000 1921.985107 0.000000 0.999889 0.000000 -0.014887 0.400275 0.400275 0.400275
4635.770508 0.000000 1906.570068 0.000000 0.780419 0.000000 -0.625257 0.416189 0.416189 0.416189
4639.723633 0.000000 1944.331665 0.000000 0.988274 0.000000 -0.152693 0.405128 0.405128 0.405128
4631.525879 0.000000 1925.992188 0.000000 0.466857 0.000000 -0.884333 0.442259 0.442259 0.442259
4630.745117 0.000000 1909.454224 0.000000 0.323018 0.000000 0.946393 0.318149 0.318149 0.318149
4628.115723 0.000000 1913.584106 0.000000 0.162774 0.000000 0.986663 0.337462 0.337462 0.337462
4641.143555 0.000000 1942.210327 0.000000 0.996276 0.000000 -0.086217 0.403750 0.403750 0.403750
4631.643066 0.000000 1916.765259 0.000000 0.808055 0.000000 0.589107 0.357537 0.357537 0.357537
4628.878418 0.000000 1919.700195 0.000000 0.873771 0.000000 -0.486337 0.430939 0.430939 0.430939
4545.717285 0.000000 1996.165283 0.000000 0.532701 0.000000 -0.846304 0.412595 0.412595 0.412595
4552.006348 0.000000 1992.786987 0.000000 0.684804 0.000000 -0.728728 0.415084 0.415084 0.415084
4552.268555 0.000000 1999.270386 0.000000 0.992469 0.000000 -0.122499 0.403250 0.403250 0.403250
4545.372559 0.000000 1999.084839 0.000000 0.309382 0.000000 -0.950938 0.454572 0.454572 0.454572
4551.515625 0.000000 2020.918945 0.000000 0.373674 0.000000 -0.927560 0.451599 0.451599 0.451599
4563.565430 0.000000 2000.031738 0.000000 0.896562 0.000000 -0.442918 0.438032 0.438032 0.438032
4595.983887 0.000000 1995.518799 0.000000 0.164530 0.000000 0.986372 0.338945 0.338945 0.338945
4577.905762 0.000000 1975.567505 0.000000 0.927668 0.000000 0.373406 0.383377 0.383377 0.383377
4618.570312 0.000000 2000.885986 0.000000 0.798578 0.000000 0.601892 0.371944 0.371944 0.371944
4540.794434 0.000000 1987.161011 0.000000 0.256162 0.000000 0.966634 0.308959 0.308959 0.308959
4544.123535 0.000000 1981.568481 0.000000 0.951102 0.000000 0.308878 0.385262 0.385262 0.385262
4543.641602 0.000000 1983.887939 0.000000 0.525388 0.000000 -0.850863 0.480789 0.480789 0.480789
4542.598633 0.000000 1979.592163 0.000000 0.598514 0.000000 0.801113 0.351751 0.351751 0.351751
4545.364258 0.000000 1985.321655 0.000000 0.322188 0.000000 0.946676 0.334225 0.334225 0.334225
4541.664551 0.000000 2015.076294 0.000000 0.446508 0.000000 -0.894780 0.460852 0.460852 0.460852
4613.045410 0.000000 1999.498047 0.000000 0.981033 0.000000 0.193841 0.387727 0.387727 0.387727
4610.850098 0.000000 1998.382446 0.000000 0.561328 0.000000 0.827594 0.333318 0.333318 0.333318
4560.345703 0.000000 2003.629639 0.000000 0.012693 0.000000 -0.999919 0.502693 0.502693 0.502693
4692.743652 0.000000 2143.890625 0.000000 0.780184 0.000000 0.625550 0.382453 0.382453 0.382453
4735.306641 0.000000 1676.769897 0.000000 0.373121 0.000000 -0.927783 0.415428 0.415428 0.415428
4727.863770 0.000000 1747.359009 0.000000 0.262603 0.000000 0.964904 0.390877 0.390877 0.390877
4728.374023 0.000000 1743.904419 0.000000 0.239322 0.000000 -0.970940 0.433182 0.433182 0.433182
4773.913574 0.000000 1893.162964 0.000000 0.813718 0.000000 -0.581260 0.402478 0.402478 0.402478
4768.013672 0.000000 1889.670044 0.000000 0.998762 0.000000 0.049735 0.398783 0.398783 0.398783
4774.549805 0.000000 1890.283813 0.000000 0.686628 0.000000 -0.727009 0.429668 0.429668 0.429668
4800.803223 0.000000 1886.710083 0.000000 0.761783 0.000000 -0.647832 0.403519 0.403519 0.403519
4811.172363 0.000000 1857.292358 0.000000 0.683272 0.000000 0.730164 0.392234 0.392234 0.392234
4803.772461 0.000000 1891.664062 0.000000 0.417461 0.000000 -0.908695 0.414801 0.414801 0.414801
4817.121094 0.000000 1901.934570 0.000000 0.116250 0.000000 -0.993220 0.428319 0.428319 0.428319
4808.288574 0.000000 1868.203857 0.000000 0.845139 0.000000 0.534547 0.371840 0.371840 0.371840
4774.402832 0.000000 1907.408203 0.000000 0.227380 0.000000 -0.973806 0.430810 0.430810 0.430810
4815.492676 0.000000 1945.607910 0.000000 0.993960 0.000000 -0.109746 0.400439 0.400439 0.400439
4806.315918 0.000000 1934.819946 0.000000 0.742970 0.000000 -0.669325 0.405492 0.405492 0.405492
4840.272461 0.000000 1941.420166 0.000000 0.094284 0.000000 -0.995545 0.414743 0.414743 0.414743
4821.489746 0.000000 1908.435791 0.000000 0.999852 0.000000 0.017207 0.399785 0.399785 0.399785
4835.664551 0.000000 1944.658325 0.000000 0.289890 0.000000 0.957060 0.380239 0.380239 0.380239
4828.558105 0.000000 1930.630127 0.000000 0.788238 0.000000 0.615371 0.389409 0.389409 0.389409
4803.754883 0.000000 1906.570068 0.000000 0.974277 0.000000 -0.225353 0.405448 0.405448 0.405448
4832.064941 0.000000 1943.056519 0.000000 0.287276 0.000000 -0.957848 0.428747 0.428747 0.428747
4803.982910 0.000000 1924.802612 0.000000 0.376403 0.000000 0.926456 0.369236 0.369236 0.369236
4827.256836 0.000000 1907.978882 0.000000 0.759292 0.000000 0.650750 0.386202 0.386202 0.386202
4858.252441 0.000000 1937.276733 0.000000 0.987175 0.000000 -0.159642 0.403843 0.403843 0.403843
4802.649902 0.000000 1912.675781 0.000000 0.744206 0.000000 0.667950 0.382469 0.382469 0.382469
4828.153809 0.000000 1933.976562 0.000000 0.537800 0.000000 -0.843072 0.424038 0.424038 0.424038
4842.299805 0.000000 1944.061646 0.000000 0.604698 0.000000 -0.796455 0.422083 0.422083 0.422083
4839.125488 0.000000 1944.410889 0.000000 0.256579 0.000000 0.966523 0.354822 0.354822 0.354822
4850.176758 0.000000 1977.551147 0.000000 0.988423 0.000000 0.151724 0.391558 0.391558 0.391558
4875.565918 0.000000 1965.881836 0.000000 0.889014 0.000000 0.457879 0.390738 0.390738 0.390738
4877.007324 0.000000 1936.725098 0.000000 0.043091 0.000000 0.999071 0.363386 0.363386 0.363386
4873.149414 0.000000 1955.110229 0.000000 0.938728 0.000000 -0.344660 0.411244 0.411244 0.411244
4872.874023 0.000000 1988.271973 0.000000 0.504171 0.000000 0.863604 0.392713 0.392713 0.392713
4905.646484 0.000000 1988.660278 0.000000 0.849336 0.000000 -0.527853 0.405553 0.405553 0.405553
4889.492676 0.000000 1989.230347 0.000000 0.969593 0.000000 0.244724 0.397531 0.397531 0.397531
4892.981445 0.000000 1982.153320 0.000000 0.949720 0.000000 -0.313101 0.403975 0.403975 0.403975
4885.098633 0.000000 1977.351929 0.000000 0.982089 0.000000 0.188418 0.397350 0.397350 0.397350
4885.740234 0.000000 1996.011841 0.000000 0.228283 0.000000 0.973595 0.374566 0.374566 0.374566
4941.612305 0.000000 2039.276855 0.000000 0.914032 0.000000 -0.405642 0.410428 0.410428 0.410428
4891.959473 0.000000 1999.412231 0.000000 0.105010 0.000000 0.994471 0.366338 0.366338 0.366338
4888.237305 0.000000 1999.270386 0.000000 0.951285 0.000000 0.308313 0.389515 0.389515 0.389515
4902.116211 0.000000 1998.550659 0.000000 0.641220 0.000000 0.767357 0.361129 0.361129 0.361129
4966.374023 0.000000 2027.942383 0.000000 0.394942 0.000000 -0.918706 0.411632 0.411632 0.411632
4971.756836 0.000000 2027.632812 0.000000 0.131266 0.000000 0.991347 0.386347 0.386347 0.386347
4956.135742 0.000000 2031.231323 0.000000 0.585226 0.000000 -0.810870 0.412276 0.412276 0.412276
4970.534668 0.000000 2018.226196 0.000000 0.990315 0.000000 -0.138836 0.402225 0.402225 0.402225
4738.635254 0.000000 2135.522217 0.000000 0.999096 0.000000 0.042514 0.399427 0.399427 0.399427
4717.755859 0.000000 2131.980469 0.000000 0.927100 0.000000 0.374813 0.393861 0.393861 0.393861
4736.977051 0.000000 2140.262207 0.000000 0.991786 0.000000 0.127907 0.397566 0.397566 0.397566
4707.535645 0.000000 2121.064941 0.000000 0.622124 0.000000 0.782919 0.376200 0.376200 0.376200
4776.735840 0.000000 2143.890625 0.000000 0.221311 0.000000 -0.975203 0.431626 0.431626 0.431626
4710.989258 0.000000 2131.541748 0.000000 0.926100 0.000000 -0.377279 0.415839 0.415839 0.415839
4734.131836 0.000000 2134.519531 0.000000 0.884470 0.000000 0.466597 0.355401 0.355401 0.355401
4715.801758 0.000000 2133.676758 0.000000 0.320261 0.000000 0.947329 0.337846 0.337846 0.337846
4708.766113 0.000000 2135.991699 0.000000 0.041064 0.000000 0.999157 0.335077 0.335077 0.335077
4733.083008 0.000000 2143.205566 0.000000 0.493101 0.000000 0.869972 0.343628 0.343628 0.343628
4708.778809 0.000000 2123.129883 0.000000 0.724210 0.000000 0.689579 0.362767 0.362767 0.362767
4711.063965 0.000000 2134.249512 0.000000 0.962391 0.000000 0.271670 0.380356 0.380356 0.380356
4711.019531 0.000000 2139.412598 0.000000 0.417766 0.000000 -0.908555 0.458050 0.458050 0.458050
4730.709961 0.000000 2143.103516 0.000000 0.977709 0.000000 -0.209963 0.413097 0.413097 0.413097
4769.013672 0.000000 2143.873535 0.000000 0.985756 0.000000 -0.168183 0.409281 0.409281 0.409281
4772.177246 0.000000 2140.524902 0.000000 0.285423 0.000000 0.958402 0.305311 0.305311 0.305311
4718.495117 0.000000 2134.027832 0.000000 0.422688 0.000000 -0.906275 0.464571 0.464571 0.464571
4772.563477 0.000000 2142.675537 0.000000 0.945831 0.000000 -0.324658 0.422123 0.422123 0.422123
4735.055664 0.000000 2139.149658 0.000000 0.955817 0.000000 -0.293963 0.420857 0.420857 0.420857
4941.897949 0.000000 2097.116211 0.000000 0.680048 0.000000 -0.733168 0.403287 0.403287 0.403287
4941.132324 0.000000 2076.752686 0.000000 0.999774 0.000000 0.021244 0.399841 0.399841 0.399841
4913.763184 0.000000 2040.907959 0.000000 0.124945 0.000000 0.992164 0.381234 0.381234 0.381234
4942.387207 0.000000 2043.376953 0.000000 0.964890 0.000000 0.262655 0.394559 0.394559 0.394559
4894.266602 0.000000 2070.953613 0.000000 0.312261 0.000000 0.949996 0.373719 0.373719 0.373719
4897.921387 0.000000 2070.269531 0.000000 0.037517 0.000000 0.999296 0.360190 0.360190 0.360190
4911.010742 0.000000 2080.689209 0.000000 0.418059 0.000000 0.908420 0.373828 0.373828 0.373828
4978.711914 0.000000 2055.322754 0.000000 0.997476 0.000000 -0.071001 0.400319 0.400319 0.400319
4956.302734 0.000000 2066.501709 0.000000 0.932555 0.000000 0.361029 0.397602 0.397602 0.397602
4972.413086 0.000000 2104.750977 0.000000 0.804717 0.000000 -0.593658 0.408251 0.408251 0.408251
4958.173828 0.000000 2078.673828 0.000000 0.998878 0.000000 -0.047366 0.400615 0.400615 0.400615
5023.540527 0.000000 2093.040527 0.000000 0.367782 0.000000 -0.929912 0.419677 0.419677 0.419677
4960.649414 0.000000 2065.533691 0.000000 0.999540 0.000000 0.030317 0.399500 0.399500 0.399500
4994.787598 0.000000 2105.250977 0.000000 0.004222 0.000000 -0.999991 0.420337 0.420337 0.420337
4967.133789 0.000000 2055.065186 0.000000 0.250405 0.000000 -0.968141 0.430265 0.430265 0.430265
5015.304199 0.000000 2095.893066 0.000000 0.965096 0.000000 0.261897 0.394046 0.394046 0.394046
5011.278809 0.000000 2083.187012 0.000000 0.627130 0.000000 0.778915 0.382612 0.382612 0.382612
4989.601562 0.000000 2089.991699 0.000000 0.991572 0.000000 -0.129560 0.403114 0.403114 0.403114
5004.953613 0.000000 2077.635742 0.000000 0.893313 0.000000 -0.449434 0.447247 0.447247 0.447247
4988.374512 0.000000 2096.107422 0.000000 0.226755 0.000000 -0.973952 0.440206 0.440206 0.440206
5022.857422 0.000000 2096.085205 0.000000 0.735537 0.000000 -0.677485 0.427874 0.427874 0.427874
5019.419922 0.000000 2090.638184 0.000000 0.687128 0.000000 0.726536 0.373605 0.373605 0.373605
5006.933105 0.000000 2068.572021 0.000000 0.646137 0.000000 -0.763221 0.433816 0.433816 0.433816
5014.301270 0.000000 2093.188477 0.000000 0.777938 0.000000 0.628341 0.369129 0.369129 0.369129
4993.271484 0.000000 2108.457764 0.000000 0.371701 0.000000 0.928352 0.397623 0.397623 0.397623
4994.161621 0.000000 2115.485840 0.000000 0.709314 0.000000 -0.704892 0.405468 0.405468 0.405468
5013.213867 0.000000 2121.164307 0.000000 0.632862 0.000000 0.774265 0.390715 0.390715 0.390715
5017.901367 0.000000 2137.340332 0.000000 0.700706 0.000000 -0.713450 0.409123 0.409123 0.409123
5013.909668 0.000000 2133.230713 0.000000 0.122607 0.000000 -0.992455 0.415182 0.415182 0.415182
5023.986816 0.000000 2114.661377 0.000000 0.530309 0.000000 -0.847804 0.413136 0.413136 0.413136
5036.005371 0.000000 2131.509766 0.000000 0.197436 0.000000 0.980316 0.383558 0.383558 0.383558
5003.312012 0.000000 2109.184814 0.000000 0.625851 0.000000 0.779943 0.388387 0.388387 0.388387
5017.986328 0.000000 2153.736572 0.000000 0.954938 0.000000 0.296806 0.396088 0.396088 0.396088
4997.755371 0.000000 2108.892334 0.000000 0.395393 0.000000 -0.918512 0.415115 0.415115 0.415115
5008.448730 0.000000 2141.201660 0.000000 0.999961 0.000000 0.008777 0.399855 0.399855 0.399855
5015.016113 0.000000 2144.442139 0.000000 0.718152 0.000000 0.695886 0.383860 0.383860 0.383860
5012.996094 0.000000 2137.038086 0.000000 0.585012 0.000000 0.811025 0.381580 0.381580 0.381580
5010.347656 0.000000 2130.773438 0.000000 0.575505 0.000000 0.817798 0.382787 0.382787 0.382787
5013.532227 0.000000 2129.983398 0.000000 0.176446 0.000000 -0.984310 0.440353 0.440353 0.440353
5029.437988 0.000000 2111.234375 0.000000 0.466541 0.000000 -0.884500 0.453112 0.453112 0.453112
5034.037598 0.000000 2118.437988 0.000000 0.671462 0.000000 0.741039 0.347908 0.347908 0.347908
5050.366211 0.000000 2095.926758 0.000000 0.091680 0.000000 0.995789 0.385231 0.385231 0.385231
5059.705566 0.000000 2041.453613 0.000000 0.996693 0.000000 0.081260 0.399228 0.399228 0.399228
5049.670410 0.000000 2132.134033 0.000000 0.524720 0.000000 0.851275 0.387796 0.387796 0.387796
5046.958008 0.000000 2131.541748 0.000000 0.941484 0.000000 -0.337058 0.412359 0.412359 0.412359
2936.033447 0.000000 2187.935059 0.000000 0.083780 0.000000 -0.996484 0.582638 0.582638 0.582638
2912.995361 0.000000 2234.677979 0.000000 0.982477 0.000000 -0.186384 0.420969 0.420969 0.420969
2919.009033 0.000000 2211.167969 0.000000 0.867383 0.000000 0.497641 0.396359 0.396359 0.396359
2923.735840 0.000000 2229.009277 0.000000 0.993925 0.000000 0.110057 0.398678 0.398678 0.398678
2923.379395 0.000000 2220.810303 0.000000 0.960707 0.000000 -0.277563 0.405196 0.405196 0.405196
2929.477295 0.000000 2197.648926 0.000000 0.152446 0.000000 0.988312 0.366729 0.366729 0.366729
2921.437988 0.000000 2214.069336 0.000000 0.533866 0.000000 0.845569 0.379372 0.379372 0.379372
2920.917725 0.000000 2181.311768 0.000000 0.006545 0.000000 0.999979 0.364072 0.364072 0.364072
2920.551514 0.000000 2175.642334 0.000000 0.941014 0.000000 -0.338367 0.410341 0.410341 0.410341
2909.652344 0.000000 2228.267578 0.000000 0.755501 0.000000 -0.655148 0.425325 0.425325 0.425325
2920.493408 0.000000 2220.367432 0.000000 0.241701 0.000000 0.970351 0.352968 0.352968 0.352968
2921.069336 0.000000 2190.253662 0.000000 0.919102 0.000000 0.394019 0.379576 0.379576 0.379576
2918.086670 0.000000 2231.244873 0.000000 0.124782 0.000000 -0.992184 0.461357 0.461357 0.461357
2911.651367 0.000000 2224.538330 0.000000 0.942929 0.000000 -0.332994 0.417798 0.417798 0.417798
2919.270020 0.000000 2224.107910 0.000000 0.913203 0.000000 0.407505 0.370241 0.370241 0.370241
2923.549561 0.000000 2180.309082 0.000000 0.999392 0.000000 -0.034869 0.401654 0.401654 0.401654
2917.523682 0.000000 2233.593994 0.000000 0.803247 0.000000 0.595646 0.353804 0.353804 0.353804
2935.144287 0.000000 2190.129883 0.000000 0.250490 0.000000 0.968119 0.304605 0.304605 0.304605
2925.668213 0.000000 2193.032227 0.000000 0.935840 0.000000 -0.352425 0.427334 0.427334 0.427334
2910.856445 0.000000 2210.427734 0.000000 0.505728 0.000000 -0.862693 0.448320 0.448320 0.448320
2913.407715 0.000000 2220.427002 0.000000 0.274027 0.000000 -0.961722 0.472320 0.472320 0.472320
2911.498535 0.000000 2226.936279 0.000000 0.859337 0.000000 0.511410 0.371856 0.371856 0.371856
2920.500732 0.000000 2186.975098 0.000000 0.985677 0.000000 0.168643 0.388239 0.388239 0.388239
2913.645508 0.000000 2214.008545 0.000000 0.946094 0.000000 0.323892 0.376943 0.376943 0.376943
2915.840576 0.000000 2217.024902 0.000000 0.972798 0.000000 0.231654 0.385409 0.385409 0.385409
2922.902100 0.000000 2175.778564 0.000000 0.946382 0.000000 0.323049 0.377662 0.377662 0.377662
2915.716309 0.000000 2214.673828 0.000000 0.720077 0.000000 0.693894 0.347541 0.347541 0.347541
2992.128906 0.000000 2176.658447 0.000000 0.735599 0.000000 -0.677418 0.484355 0.484355 0.484355
2977.458740 0.000000 2176.442139 0.000000 0.180058 0.000000 -0.983656 0.402082 0.402082 0.402082
2969.836182 0.000000 2197.330811 0.000000 0.969320 0.000000 -0.245803 0.429637 0.429637 0.429637
2977.107910 0.000000 2199.409180 0.000000 0.096634 0.000000 -0.995320 0.569277 0.569277 0.569277
2993.343750 0.000000 2202.482422 0.000000 0.706677 0.000000 -0.707537 0.494583 0.494583 0.494583
3009.311768 0.000000 2212.721436 0.000000 0.476822 0.000000 0.879000 0.271327 0.271327 0.271327
2958.989746 0.000000 2213.609619 0.000000 0.972147 0.000000 -0.234371 0.427404 0.427404 0.427404
3014.322021 0.000000 2208.299805 0.000000 0.387988 0.000000 -0.921664 0.534049 0.534049 0.534049
2997.401367 0.000000 2189.148682 0.000000 0.555631 0.000000 0.831429 0.282852 0.282852 0.282852
2992.444336 0.000000 2213.357666 0.000000 0.985945 0.000000 -0.167072 0.419529 0.419529 0.419529
2966.399902 0.000000 2186.608398 0.000000 0.398035 0.000000 0.917370 0.271840 0.271840 0.271840
2990.789062 0.000000 2197.826660 0.000000 0.780522 0.000000 0.625128 0.321437 0.321437 0.321437
2998.096924 0.000000 2201.215088 0.000000 0.797349 0.000000 -0.603519 0.473112 0.473112 0.473112
2962.680664 0.000000 2217.163330 0.000000 0.425563 0.000000 0.904929 0.270090 0.270090 0.270090
3020.192627 0.000000 2199.494141 0.000000 0.080033 0.000000 0.996792 0.378415 0.378415 0.378415
2977.985596 0.000000 2194.878662 0.000000 0.556057 0.000000 0.831144 0.289772 0.289772 0.289772
2976.157471 0.000000 2212.075439 0.000000 0.779162 0.000000 0.626823 0.391205 0.391205 0.391205
2953.278320 0.000000 2181.304932 0.000000 0.948056 0.000000 -0.318103 0.436692 0.436692 0.436692
2953.920166 0.000000 2199.964844 0.000000 0.361705 0.000000 -0.932292 0.419185 0.419185 0.419185
2973.140869 0.000000 2208.246582 0.000000 0.746980 0.000000 -0.664847 0.412347 0.412347 0.412347
3022.251221 0.000000 2233.721680 0.000000 0.329756 0.000000 0.944066 0.368557 0.368557 0.368557
3014.341553 0.000000 2232.243896 0.000000 0.972582 0.000000 0.232560 0.374686 0.374686 0.374686
3004.177490 0.000000 2229.592041 0.000000 0.658946 0.000000 -0.752191 0.419980 0.419980 0.419980
3000.390869 0.000000 2208.515869 0.000000 0.998182 0.000000 -0.060274 0.406444 0.406444 0.406444
3018.934570 0.000000 2225.917236 0.000000 0.124707 0.000000 -0.992194 0.549430 0.549430 0.549430
2993.002930 0.000000 2180.223145 0.000000 0.134344 0.000000 0.990935 0.250858 0.250858 0.250858
2954.632812 0.000000 2191.690430 0.000000 0.818371 0.000000 -0.574690 0.417424 0.417424 0.417424
2956.416748 0.000000 2203.223633 0.000000 0.801564 0.000000 0.597909 0.335040 0.335040 0.335040
3004.039551 0.000000 2207.933105 0.000000 0.867573 0.000000 -0.497310 0.451458 0.451458 0.451458
2989.459717 0.000000 2194.588379 0.000000 0.199018 0.000000 -0.979996 0.534118 0.534118 0.534118
2990.947021 0.000000 2222.946045 0.000000 0.881447 0.000000 0.472284 0.386492 0.386492 0.386492
2985.018311 0.000000 2225.056396 0.000000 0.751592 0.000000 -0.659628 0.472652 0.472652 0.472652
2953.272705 0.000000 2229.847168 0.000000 0.902586 0.000000 0.430510 0.387556 0.387556 0.387556
2957.827393 0.000000 2185.967773 0.000000 0.952129 0.000000 0.305696 0.370527 0.370527 0.370527
2963.834717 0.000000 2184.541748 0.000000 0.556560 0.000000 0.830808 0.305507 0.305507 0.305507
3005.654541 0.000000 2184.965332 0.000000 0.782044 0.000000 0.623224 0.378498 0.378498 0.378498
2965.757080 0.000000 2230.804443 0.000000 0.534259 0.000000 0.845321 0.362786 0.362786 0.362786
2997.464355 0.000000 2243.391602 0.000000 0.184286 0.000000 0.982873 0.345350 0.345350 0.345350
2949.520752 0.000000 2203.037842 0.000000 0.997533 0.000000 -0.070196 0.402947 0.402947 0.402947
2980.197998 0.000000 2199.695068 0.000000 0.813029 0.000000 -0.582223 0.456165 0.456165 0.456165
2972.361572 0.000000 2223.446045 0.000000 0.933274 0.000000 0.359164 0.367166 0.367166 0.367166
2962.676758 0.000000 2194.231934 0.000000 0.276927 0.000000 -0.960891 0.515314 0.515314 0.515314
3000.204834 0.000000 2189.916992 0.000000 0.111965 0.000000 -0.993712 0.530364 0.530364 0.530364
2969.297119 0.000000 2186.749268 0.000000 0.206033 0.000000 0.978545 0.270668 0.270668 0.270668
3005.478027 0.000000 2198.784424 0.000000 0.963866 0.000000 0.266388 0.388287 0.388287 0.388287
2960.137695 0.000000 2183.503418 0.000000 0.585089 0.000000 0.810969 0.315939 0.315939 0.315939
3017.696777 0.000000 2206.236572 0.000000 0.673861 0.000000 -0.738859 0.476381 0.476381 0.476381
3012.717041 0.000000 2234.423584 0.000000 0.711432 0.000000 -0.702755 0.461866 0.461866 0.461866
3020.427002 0.000000 2223.766113 0.000000 0.975855 0.000000 -0.218420 0.419570 0.419570 0.419570
2977.351318 0.000000 2185.927490 0.000000 0.994401 0.000000 -0.105670 0.404070 0.404070 0.404070
3000.132568 0.000000 2199.471924 0.000000 0.997436 0.000000 -0.071569 0.405687 0.405687 0.405687
2960.905029 0.000000 2189.563232 0.000000 0.989100 0.000000 -0.147244 0.412765 0.412765 0.412765
2997.464600 0.000000 2180.935059 0.000000 0.858762 0.000000 -0.512375 0.445662 0.445662 0.445662
3003.380859 0.000000 2236.912842 0.000000 0.881098 0.000000 -0.472933 0.422629 0.422629 0.422629
2996.447266 0.000000 2185.558594 0.000000 0.122526 0.000000 0.992465 0.272032 0.272032 0.272032
3005.061523 0.000000 2190.253662 0.000000 0.971102 0.000000 0.238666 0.389411 0.389411 0.389411
2984.145508 0.000000 2195.521973 0.000000 0.883806 0.000000 0.467854 0.360619 0.360619 0.360619
2980.566895 0.000000 2195.327148 0.000000 0.382841 0.000000 0.923814 0.298250 0.298250 0.298250
3017.481445 0.000000 2236.237305 0.000000 0.186335 0.000000 0.982486 0.333690 0.333690 0.333690
2969.558594 0.000000 2222.788818 0.000000 0.878258 0.000000 -0.478188 0.443566 0.443566 0.443566
2973.868896 0.000000 2189.909180 0.000000 0.786282 0.000000 0.617868 0.346791 0.346791 0.346791
2958.307861 0.000000 2179.577393 0.000000 0.117483 0.000000 0.993075 0.287545 0.287545 0.287545
2963.723633 0.000000 2229.299805 0.000000 0.998853 0.000000 0.047885 0.396412 0.396412 0.396412
3022.718994 0.000000 2204.839111 0.000000 0.520923 0.000000 0.853604 0.313687 0.313687 0.313687
2967.528076 0.000000 2175.509033 0.000000 0.812111 0.000000 -0.583503 0.455685 0.455685 0.455685
2986.666504 0.000000 2214.266113 0.000000 0.389665 0.000000 0.920957 0.310578 0.310578 0.310578
2980.006104 0.000000 2192.849609 0.000000 0.425303 0.000000 0.905051 0.312430 0.312430 0.312430
3000.372070 0.000000 2239.205322 0.000000 0.481011 0.000000 -0.876715 0.461382 0.461382 0.461382
2998.832520 0.000000 2178.097900 0.000000 0.925092 0.000000 0.379743 0.380162 0.380162 0.380162
2988.703857 0.000000 2192.130127 0.000000 0.999415 0.000000 -0.034191 0.402920 0.402920 0.402920
2989.843994 0.000000 2189.627930 0.000000 0.744869 0.000000 0.667211 0.360245 0.360245 0.360245
2953.113281 0.000000 2224.065430 0.000000 0.859893 0.000000 0.510474 0.374053 0.374053 0.374053
2970.014648 0.000000 2184.409180 0.000000 0.999489 0.000000 0.031970 0.397637 0.397637 0.397637
3006.285400 0.000000 2226.994385 0.000000 0.927545 0.000000 -0.373711 0.417785 0.417785 0.417785
2981.571289 0.000000 2188.547607 0.000000 0.714896 0.000000 0.699230 0.343166 0.343166 0.343166
2984.421631 0.000000 2227.800781 0.000000 0.982833 0.000000 -0.184497 0.414176 0.414176 0.414176
3022.314941 0.000000 2236.435791 0.000000 0.013455 0.000000 0.999909 0.317575 0.317575 0.317575
3003.433838 0.000000 2197.148926 0.000000 0.526637 0.000000 0.850090 0.350277 0.350277 0.350277
2977.063965 0.000000 2219.457764 0.000000 0.931347 0.000000 -0.364133 0.426425 0.426425 0.426425
2966.837158 0.000000 2181.298096 0.000000 0.133025 0.000000 0.991113 0.331101 0.331101 0.331101
3019.370117 0.000000 2231.756836 0.000000 0.074483 0.000000 0.997222 0.284948 0.284948 0.284948
2961.946289 0.000000 2176.232422 0.000000 0.767339 0.000000 -0.641241 0.446228 0.446228 0.446228
2974.388428 0.000000 2186.203857 0.000000 0.861027 0.000000 0.508559 0.372829 0.372829 0.372829
3019.136475 0.000000 2190.129883 0.000000 0.648103 0.000000 0.761553 0.345536 0.345536 0.345536
3009.773193 0.000000 2221.195557 0.000000 0.887879 0.000000 -0.460077 0.436284 0.436284 0.436284
2984.498535 0.000000 2183.143555 0.000000 0.526090 0.000000 0.850429 0.342122 0.342122 0.342122
2997.467773 0.000000 2176.204102 0.000000 0.650131 0.000000 0.759822 0.342687 0.342687 0.342687
2962.318115 0.000000 2182.473389 0.000000 0.962421 0.000000 -0.271562 0.422246 0.422246 0.422246
3008.360840 0.000000 2237.228760 0.000000 0.487535 0.000000 0.873103 0.340106 0.340106 0.340106
2952.923584 0.000000 2186.401855 0.000000 0.361115 0.000000 -0.932521 0.481578 0.481578 0.481578
3019.712646 0.000000 2234.785400 0.000000 0.999856 0.000000 0.016996 0.399041 0.399041 0.399041
2966.874268 0.000000 2211.087891 0.000000 0.225050 0.000000 0.974347 0.326864 0.326864 0.326864
2989.604736 0.000000 2221.091064 0.000000 0.997698 0.000000 0.067814 0.394714 0.394714 0.394714
2974.152344 0.000000 2228.270508 0.000000 0.556225 0.000000 -0.831032 0.453878 0.453878 0.453878
2956.058594 0.000000 2199.287354 0.000000 0.647391 0.000000 -0.762158 0.447167 0.447167 0.447167
3010.251221 0.000000 2206.934814 0.000000 0.440001 0.000000 0.897997 0.314248 0.314248 0.314248
3015.736084 0.000000 2234.389648 0.000000 0.999077 0.000000 -0.042966 0.403240 0.403240 0.403240
2954.977783 0.000000 2176.366943 0.000000 0.016490 0.000000 -0.999864 0.513308 0.513308 0.513308
2978.276611 0.000000 2188.412354 0.000000 0.986108 0.000000 -0.166106 0.409666 0.409666 0.409666
3003.102539 0.000000 2201.730713 0.000000 0.969140 0.000000 -0.246510 0.418655 0.418655 0.418655
2997.637695 0.000000 2214.008545 0.000000 0.683223 0.000000 0.730210 0.344819 0.344819 0.344819
2955.762207 0.000000 2186.697510 0.000000 0.757025 0.000000 -0.653386 0.452619 0.452619 0.452619
2982.097656 0.000000 2204.500000 0.000000 0.943221 0.000000 -0.332165 0.420288 0.420288 0.420288
3006.987793 0.000000 2204.169922 0.000000 0.753019 0.000000 -0.657998 0.450560 0.450560 0.450560
2970.981445 0.000000 2181.007080 0.000000 0.317346 0.000000 0.948310 0.312770 0.312770 0.312770
2958.134766 0.000000 2197.781494 0.000000 0.390208 0.000000 -0.920727 0.464842 0.464842 0.464842
3001.355225 0.000000 2185.720215 0.000000 0.924162 0.000000 0.382002 0.372405 0.372405 0.372405
2945.702393 0.000000 2188.112793 0.000000 0.342539 0.000000 0.939504 0.322562 0.322562 0.322562
2973.110352 0.000000 2187.876221 0.000000 0.985939 0.000000 0.167106 0.388431 0.388431 0.388431
2971.219727 0.000000 2207.134033 0.000000 0.991075 0.000000 -0.133303 0.407878 0.407878 0.407878
2965.475830 0.000000 2212.671631 0.000000 0.258310 0.000000 0.966062 0.313691 0.313691 0.313691
2999.708496 0.000000 2214.673828 0.000000 0.625143 0.000000 0.780510 0.338744 0.338744 0.338744
3006.191406 0.000000 2218.916504 0.000000 0.885274 0.000000 -0.465069 0.428500 0.428500 0.428500
3005.673340 0.000000 2234.811279 0.000000 0.851321 0.000000 -0.524646 0.434471 0.434471 0.434471
3001.427246 0.000000 2197.844238 0.000000 0.535158 0.000000 0.844752 0.332684 0.332684 0.332684
3003.835205 0.000000 2215.696533 0.000000 0.999590 0.000000 -0.028634 0.401730 0.401730 0.401730
2965.662842 0.000000 2218.058838 0.000000 0.158098 0.000000 -0.987423 0.488130 0.488130 0.488130
2919.036133 0.000000 2246.404297 0.000000 0.994887 0.000000 -0.100995 0.403031 0.403031 0.403031
2918.356445 0.000000 2249.488770 0.000000 0.020420 0.000000 -0.999792 0.492120 0.492120 0.492120
2999.077637 0.000000 2253.571777 0.000000 0.815152 0.000000 0.579247 0.390129 0.390129 0.390129
3004.909912 0.000000 2249.296143 0.000000 0.571940 0.000000 -0.820295 0.423535 0.423535 0.423535
3016.173096 0.000000 2297.696533 0.000000 0.861139 0.000000 0.508369 0.384023 0.384023 0.384023
3023.361816 0.000000 2267.756592 0.000000 0.078940 0.000000 -0.996879 0.446181 0.446181 0.446181
3016.760254 0.000000 2260.845703 0.000000 0.883230 0.000000 0.468941 0.381966 0.381966 0.381966
2998.832520 0.000000 2246.082275 0.000000 0.222945 0.000000 0.974831 0.326746 0.326746 0.326746
3022.125488 0.000000 2261.356445 0.000000 0.936946 0.000000 0.349474 0.375044 0.375044 0.375044
3019.370117 0.000000 2299.741211 0.000000 0.668377 0.000000 -0.743822 0.446069 0.446069 0.446069
3002.348633 0.000000 2249.488770 0.000000 0.888555 0.000000 0.458770 0.375726 0.375726 0.375726
3019.136475 0.000000 2258.114258 0.000000 0.749126 0.000000 -0.662427 0.434707 0.434707 0.434707
3021.032959 0.000000 2293.772705 0.000000 0.972041 0.000000 -0.234811 0.416095 0.416095 0.416095
3000.955322 0.000000 2246.066650 0.000000 0.998796 0.000000 0.049060 0.396839 0.396839 0.396839
3076.121094 0.000000 2176.658447 0.000000 0.270690 0.000000 0.962666 0.399353 0.399353 0.399353
3046.891846 0.000000 2191.291504 0.000000 0.525587 0.000000 0.850740 0.396444 0.396444 0.396444
3031.265137 0.000000 2190.154053 0.000000 0.106954 0.000000 0.994264 0.391961 0.391961 0.391961
3037.634521 0.000000 2216.717529 0.000000 0.778055 0.000000 0.628196 0.394574 0.394574 0.394574
3050.392090 0.000000 2186.608398 0.000000 0.912074 0.000000 0.410026 0.395148 0.395148 0.395148
3041.664551 0.000000 2193.183594 0.000000 0.889158 0.000000 0.457601 0.394779 0.394779 0.394779
3029.627441 0.000000 2221.275146 0.000000 0.214209 0.000000 -0.976788 0.423678 0.423678 0.423678
3029.860352 0.000000 2185.948730 0.000000 0.883946 0.000000 -0.467589 0.453448 0.453448 0.453448
3027.738037 0.000000 2237.819336 0.000000 0.975206 0.000000 -0.221301 0.404568 0.404568 0.404568
3042.251709 0.000000 2189.068115 0.000000 0.814166 0.000000 0.580632 0.388246 0.388246 0.388246
3041.264404 0.000000 2210.333496 0.000000 0.998962 0.000000 -0.045545 0.404959 0.404959 0.404959
3025.321289 0.000000 2227.047852 0.000000 0.219778 0.000000 -0.975550 0.441768 0.441768 0.441768
3043.875488 0.000000 2240.311035 0.000000 0.541182 0.000000 -0.840905 0.500256 0.500256 0.500256
3026.747070 0.000000 2222.621338 0.000000 0.999861 0.000000 0.016651 0.399551 0.399551 0.399551
3046.811035 0.000000 2178.581299 0.000000 0.996888 0.000000 -0.078830 0.402482 0.402482 0.402482
3029.592773 0.000000 2214.813477 0.000000 0.375094 0.000000 0.926987 0.293973 0.293973 0.293973
3043.872070 0.000000 2216.269043 0.000000 0.738189 0.000000 0.674594 0.373382 0.373382 0.373382
3033.901123 0.000000 2176.302979 0.000000 0.993600 0.000000 0.112954 0.390392 0.390392 0.390392
3061.343506 0.000000 2185.927490 0.000000 0.176243 0.000000 -0.984347 0.459147 0.459147 0.459147
3034.680908 0.000000 2211.023682 0.000000 0.848311 0.000000 -0.529498 0.450709 0.450709 0.450709
3028.397949 0.000000 2183.813232 0.000000 0.939599 0.000000 0.342276 0.370347 0.370347 0.370347
3032.291504 0.000000 2214.825195 0.000000 0.748673 0.000000 0.662939 0.362366 0.362366 0.362366
3031.387451 0.000000 2181.050537 0.000000 0.423290 0.000000 0.905994 0.304899 0.304899 0.304899
3036.950928 0.000000 2212.847168 0.000000 0.191351 0.000000 0.981522 0.335311 0.335311 0.335311
3026.492920 0.000000 2181.778809 0.000000 0.890521 0.000000 0.454942 0.366984 0.366984 0.366984
3031.220215 0.000000 2202.233887 0.000000 0.340099 0.000000 -0.940390 0.504488 0.504488 0.504488
3045.291748 0.000000 2214.147705 0.000000 0.900445 0.000000 -0.434971 0.420447 0.420447 0.420447
3046.496094 0.000000 2234.779297 0.000000 0.346515 0.000000 -0.938044 0.480815 0.480815 0.480815
3081.459961 0.000000 2176.204102 0.000000 0.999999 0.000000 -0.001038 0.400064 0.400064 0.400064
3023.733887 0.000000 2221.335449 0.000000 0.454581 0.000000 0.890705 0.314953 0.314953 0.314953
3042.448975 0.000000 2242.015869 0.000000 0.177308 0.000000 0.984155 0.295703 0.295703 0.295703
3025.152588 0.000000 2242.125244 0.000000 0.976332 0.000000 0.216279 0.384543 0.384543 0.384543
3028.940674 0.000000 2199.307373 0.000000 0.212094 0.000000 -0.977249 0.476569 0.476569 0.476569
3026.599365 0.000000 2176.932861 0.000000 0.802279 0.000000 0.596949 0.358797 0.358797 0.358797
3178.408936 0.000000 2209.214355 0.000000 0.031618 0.000000 0.999500 0.357731 0.357731 0.357731
3189.444580 0.000000 2216.532715 0.000000 0.072653 0.000000 0.997357 0.279571 0.279571 0.279571
3181.201172 0.000000 2217.487549 0.000000 0.935635 0.000000 0.352969 0.380727 0.380727 0.380727
3189.168213 0.000000 2218.925293 0.000000 0.776176 0.000000 0.630517 0.364233 0.364233 0.364233
3184.542480 0.000000 2208.077637 0.000000 0.733175 0.000000 0.680040 0.353699 0.353699 0.353699
3028.390625 0.000000 2293.584717 0.000000 0.528020 0.000000 0.849232 0.276398 0.276398 0.276398
3045.153564 0.000000 2254.090820 0.000000 0.447313 0.000000 0.894377 0.387287 0.387287 0.387287
3026.353271 0.000000 2282.626953 0.000000 0.060013 0.000000 -0.998198 0.418104 0.418104 0.418104
3040.146973 0.000000 2264.724365 0.000000 0.470725 0.000000 0.882280 0.374639 0.374639 0.374639
3041.236572 0.000000 2243.527344 0.000000 0.299119 0.000000 -0.954216 0.437326 0.437326 0.437326
3029.592773 0.000000 2282.797852 0.000000 0.965086 0.000000 -0.261933 0.408337 0.408337 0.408337
3033.512939 0.000000 2271.022217 0.000000 0.120024 0.000000 -0.992771 0.445627 0.445627 0.445627
3026.552979 0.000000 2267.829346 0.000000 0.299627 0.000000 -0.954057 0.449325 0.449325 0.449325
3032.183350 0.000000 2287.929932 0.000000 0.023405 0.000000 -0.999726 0.529801 0.529801 0.529801
3033.901123 0.000000 2244.287354 0.000000 0.640748 0.000000 0.767751 0.368969 0.368969 0.368969
3032.239258 0.000000 2301.319580 0.000000 0.111303 0.000000 -0.993787 0.470676 0.470676 0.470676
3086.071045 0.000000 2299.229248 0.000000 0.189654 0.000000 0.981851 0.348322 0.348322 0.348322
3026.988037 0.000000 2303.314453 0.000000 0.951016 0.000000 -0.309141 0.411770 0.411770 0.411770
3052.422119 0.000000 2257.259033 0.000000 0.626635 0.000000 -0.779313 0.434801 0.434801 0.434801
3030.024414 0.000000 2295.618652 0.000000 0.795988 0.000000 -0.605312 0.452265 0.452265 0.452265
3035.958008 0.000000 2269.645508 0.000000 0.667515 0.000000 0.744596 0.366869 0.366869 0.366869
3030.011475 0.000000 2246.969482 0.000000 0.401271 0.000000 0.915959 0.314434 0.314434 0.314434
3055.040771 0.000000 2302.084717 0.000000 0.193607 0.000000 -0.981079 0.498932 0.498932 0.498932
3037.875244 0.000000 2265.368408 0.000000 0.879035 0.000000 -0.476756 0.423077 0.423077 0.423077
3030.788086 0.000000 2260.505127 0.000000 0.065746 0.000000 0.997836 0.291038 0.291038 0.291038
3034.947754 0.000000 2261.339111 0.000000 0.992584 0.000000 0.121564 0.392211 0.392211 0.392211
3035.281006 0.000000 2283.924561 0.000000 0.893456 0.000000 -0.449152 0.424887 0.424887 0.424887
3030.601807 0.000000 2262.950195 0.000000 0.434838 0.000000 0.900509 0.322762 0.322762 0.322762
3023.733887 0.000000 2289.319824 0.000000 0.705193 0.000000 -0.709015 0.448008 0.448008 0.448008
3055.608887 0.000000 2259.791748 0.000000 0.985469 0.000000 -0.169855 0.412869 0.412869 0.412869
3027.418945 0.000000 2265.106689 0.000000 0.648374 0.000000 -0.761322 0.446232 0.446232 0.446232
3024.014404 0.000000 2301.057617 0.000000 0.195120 0.000000 0.980779 0.310100 0.310100 0.310100
3034.313477 0.000000 2263.380127 0.000000 0.025030 0.000000 0.999687 0.308154 0.308154 0.308154
3026.599365 0.000000 2244.917236 0.000000 0.515310 0.000000 -0.857004 0.468362 0.468362 0.468362
3187.122314 0.000000 2297.290527 0.000000 0.123924 0.000000 -0.992292 0.402889 0.402889 0.402889
3140.013916 0.000000 2253.977783 0.000000 0.570302 0.000000 0.821435 0.284970 0.284970 0.284970
3170.769043 0.000000 2267.517578 0.000000 0.931006 0.000000 0.365005 0.398321 0.398321 0.398321
3138.013916 0.000000 2244.023193 0.000000 0.421004 0.000000 -0.907059 0.406808 0.406808 0.406808
3184.866455 0.000000 2263.794678 0.000000 0.459267 0.000000 0.888299 0.391809 0.391809 0.391809
3175.964111 0.000000 2268.081787 0.000000 0.070328 0.000000 -0.997524 0.419478 0.419478 0.419478
3175.712402 0.000000 2296.993652 0.000000 0.875676 0.000000 0.482899 0.342376 0.342376 0.342376
3175.355957 0.000000 2288.794678 0.000000 0.497460 0.000000 -0.867487 0.517976 0.517976 0.517976
3162.045898 0.000000 2254.567383 0.000000 0.999444 0.000000 0.033346 0.399400 0.399400 0.399400
3154.936523 0.000000 2288.654541 0.000000 0.748710 0.000000 0.662898 0.382993 0.382993 0.382993
3152.221191 0.000000 2282.978516 0.000000 0.570024 0.000000 -0.821628 0.424555 0.424555 0.424555
3166.656250 0.000000 2260.601318 0.000000 0.396243 0.000000 -0.918146 0.426140 0.426140 0.426140
3184.440918 0.000000 2246.876709 0.000000 0.982399 0.000000 0.186795 0.380861 0.380861 0.380861
3161.589111 0.000000 2273.909180 0.000000 0.940211 0.000000 -0.340594 0.410065 0.410065 0.410065
3143.217285 0.000000 2306.130859 0.000000 0.906139 0.000000 -0.422981 0.411339 0.411339 0.411339
3154.478271 0.000000 2276.342773 0.000000 0.877117 0.000000 0.480277 0.385992 0.385992 0.385992
3158.353516 0.000000 2294.621582 0.000000 0.751621 0.000000 0.659596 0.373027 0.373027 0.373027
3165.448730 0.000000 2311.375977 0.000000 0.524324 0.000000 -0.851519 0.440699 0.440699 0.440699
3139.113525 0.000000 2246.831299 0.000000 0.953735 0.000000 -0.300648 0.409911 0.409911 0.409911
3148.760010 0.000000 2306.823975 0.000000 0.758913 0.000000 0.651192 0.374860 0.374860 0.374860
3189.999756 0.000000 2307.597900 0.000000 0.843027 0.000000 0.537871 0.382419 0.382419 0.382419
3178.698242 0.000000 2298.189941 0.000000 0.891284 0.000000 -0.453445 0.441123 0.441123 0.441123
3168.189209 0.000000 2257.901367 0.000000 0.872790 0.000000 -0.488096 0.445828 0.445828 0.445828
3176.559570 0.000000 2291.338135 0.000000 0.786474 0.000000 0.617623 0.341165 0.341165 0.341165
3146.728516 0.000000 2278.955811 0.000000 0.997453 0.000000 -0.071325 0.402602 0.402602 0.402602
3173.152832 0.000000 2273.390625 0.000000 0.321225 0.000000 -0.947003 0.511785 0.511785 0.511785
3180.225342 0.000000 2294.159180 0.000000 0.991244 0.000000 -0.132043 0.404761 0.404761 0.404761
3150.038330 0.000000 2247.505127 0.000000 0.077505 0.000000 0.996992 0.284436 0.284436 0.284436
3165.448975 0.000000 2248.919434 0.000000 0.898924 0.000000 -0.438105 0.418115 0.418115 0.418115
3164.431641 0.000000 2253.542969 0.000000 0.524694 0.000000 -0.851291 0.443224 0.443224 0.443224
3185.465820 0.000000 2304.221680 0.000000 0.789183 0.000000 -0.614158 0.459437 0.459437 0.459437
3154.650879 0.000000 2282.250488 0.000000 0.951853 0.000000 0.306555 0.385065 0.385065 0.385065
3166.816895 0.000000 2246.082275 0.000000 0.438609 0.000000 -0.898678 0.480852 0.480852 0.480852
3190.665039 0.000000 2310.330322 0.000000 0.491513 0.000000 0.870870 0.337725 0.337725 0.337725
3175.859619 0.000000 2262.486328 0.000000 0.892217 0.000000 0.451608 0.378008 0.378008 0.378008
3169.500244 0.000000 2301.578369 0.000000 0.319782 0.000000 -0.947491 0.505082 0.505082 0.505082
3183.673340 0.000000 2243.843994 0.000000 0.402960 0.000000 0.915218 0.313993 0.313993 0.313993
3177.757568 0.000000 2289.179932 0.000000 0.387678 0.000000 0.921795 0.310999 0.310999 0.310999
3159.076660 0.000000 2279.426758 0.000000 0.958443 0.000000 -0.285283 0.422246 0.422246 0.422246
3172.691895 0.000000 2261.406250 0.000000 0.715878 0.000000 -0.698226 0.453258 0.453258 0.453258
3166.323242 0.000000 2275.136230 0.000000 0.675865 0.000000 -0.737025 0.448823 0.448823 0.448823
3176.345215 0.000000 2305.213135 0.000000 0.992730 0.000000 0.120358 0.392530 0.392530 0.392530
3152.726318 0.000000 2309.165771 0.000000 0.441142 0.000000 0.897437 0.333257 0.333257 0.333257
3163.616455 0.000000 2274.958740 0.000000 0.999573 0.000000 0.029211 0.398293 0.398293 0.398293
3167.640625 0.000000 2255.717529 0.000000 0.931477 0.000000 -0.363800 0.425470 0.425470 0.425470
3173.162109 0.000000 2279.842285 0.000000 0.404898 0.000000 0.914362 0.319337 0.319337 0.319337
3174.242676 0.000000 2275.798828 0.000000 0.693860 0.000000 -0.720110 0.460615 0.460615 0.460615
3176.374023 0.000000 2286.799072 0.000000 0.886388 0.000000 -0.462944 0.429320 0.429320 0.429320
3174.972168 0.000000 2272.154297 0.000000 0.955802 0.000000 -0.294011 0.419818 0.419818 0.419818
3175.570312 0.000000 2282.063721 0.000000 0.877841 0.000000 0.478951 0.373066 0.373066 0.373066
3227.634277 0.000000 2217.362549 0.000000 0.904218 0.000000 0.427071 0.349987 0.349987 0.349987
3225.161377 0.000000 2235.419922 0.000000 0.000407 0.000000 -1.000000 0.582698 0.582698 0.582698
3216.579346 0.000000 2233.554688 0.000000 0.435194 0.000000 0.900337 0.385453 0.385453 0.385453
3219.359619 0.000000 2221.396973 0.000000 0.305466 0.000000 -0.952203 0.425802 0.425802 0.425802
3209.129883 0.000000 2216.815186 0.000000 0.137487 0.000000 0.990504 0.364228 0.364228 0.364228
3220.871338 0.000000 2235.219727 0.000000 0.549806 0.000000 -0.835292 0.430113 0.430113 0.430113
3224.538818 0.000000 2232.076172 0.000000 0.223138 0.000000 -0.974787 0.441661 0.441661 0.441661
3199.449707 0.000000 2230.769531 0.000000 0.462167 0.000000 0.886793 0.366790 0.366790 0.366790
3202.812988 0.000000 2238.544922 0.000000 0.990287 0.000000 0.139035 0.395125 0.395125 0.395125
3226.055664 0.000000 2214.373291 0.000000 0.031163 0.000000 -0.999514 0.453813 0.453813 0.453813
3207.413574 0.000000 2219.312988 0.000000 0.787860 0.000000 0.615855 0.338714 0.338714 0.338714
3232.174561 0.000000 2199.695068 0.000000 0.657629 0.000000 0.753342 0.374441 0.374441 0.374441
3200.167725 0.000000 2219.945557 0.000000 0.974037 0.000000 0.226390 0.392132 0.392132 0.392132
3211.856445 0.000000 2216.269043 0.000000 0.535916 0.000000 0.844271 0.310660 0.310660 0.310660
3203.658691 0.000000 2197.929688 0.000000 0.738272 0.000000 0.674503 0.339750 0.339750 0.339750
3227.903320 0.000000 2235.677490 0.000000 0.881057 0.000000 0.473011 0.382041 0.382041 0.382041
3230.466797 0.000000 2201.292725 0.000000 0.997491 0.000000 0.070797 0.395754 0.395754 0.395754
3208.035156 0.000000 2199.287354 0.000000 0.993585 0.000000 0.113090 0.393832 0.393832 0.393832
3219.468262 0.000000 2240.461670 0.000000 0.968458 0.000000 0.249177 0.382522 0.382522 0.382522
3226.597168 0.000000 2223.071289 0.000000 0.783135 0.000000 0.621851 0.355768 0.355768 0.355768
3222.894531 0.000000 2240.346924 0.000000 0.889247 0.000000 0.457428 0.372719 0.372719 0.372719
3221.366943 0.000000 2216.356201 0.000000 0.937704 0.000000 -0.347434 0.423209 0.423209 0.423209
3262.507568 0.000000 2285.988770 0.000000 0.302120 0.000000 -0.953270 0.411990 0.411990 0.411990
3207.920898 0.000000 2299.570312 0.000000 0.930979 0.000000 -0.365072 0.441798 0.441798 0.441798
3223.447510 0.000000 2288.629150 0.000000 0.328245 0.000000 -0.944592 0.417902 0.417902 0.417902
3231.300781 0.000000 2288.293945 0.000000 0.999197 0.000000 0.040058 0.399300 0.399300 0.399300
3223.626221 0.000000 2284.235352 0.000000 0.673280 0.000000 0.739388 0.383380 0.383380 0.383380
3247.443115 0.000000 2287.140137 0.000000 0.420944 0.000000 -0.907087 0.429503 0.429503 0.429503
3250.205322 0.000000 2305.710449 0.000000 0.250641 0.000000 -0.968080 0.447363 0.447363 0.447363
3226.055664 0.000000 2282.357666 0.000000 0.993720 0.000000 0.111894 0.396529 0.396529 0.396529
3224.338135 0.000000 2291.430420 0.000000 0.994542 0.000000 0.104337 0.395616 0.395616 0.395616
3209.809570 0.000000 2306.035889 0.000000 0.741042 0.000000 -0.671458 0.423525 0.423525 0.423525
3202.853027 0.000000 2296.759277 0.000000 0.626852 0.000000 0.779138 0.358519 0.358519 0.358519
3196.382324 0.000000 2251.797607 0.000000 0.010566 0.000000 -0.999944 0.519193 0.519193 0.519193
3200.275879 0.000000 2282.809570 0.000000 0.870608 0.000000 0.491977 0.376372 0.376372 0.376372
3255.238770 0.000000 2292.092285 0.000000 0.449401 0.000000 0.893330 0.344290 0.344290 0.344290
3251.778564 0.000000 2290.019043 0.000000 0.012107 0.000000 0.999927 0.271586 0.271586 0.271586
3246.474365 0.000000 2303.044922 0.000000 0.950736 0.000000 -0.310002 0.422978 0.422978 0.422978
3249.376465 0.000000 2288.411377 0.000000 0.999758 0.000000 -0.022012 0.401638 0.401638 0.401638
3226.597168 0.000000 2291.055664 0.000000 0.916744 0.000000 0.399476 0.370453 0.370453 0.370453
3042.172119 0.000000 2336.135742 0.000000 0.499345 0.000000 0.866403 0.279128 0.279128 0.279128
3068.680420 0.000000 2369.114014 0.000000 0.422530 0.000000 0.906349 0.273105 0.273105 0.273105
3098.915283 0.000000 2326.568604 0.000000 0.844340 0.000000 0.535808 0.392941 0.392941 0.392941
3030.590332 0.000000 2347.869873 0.000000 0.802139 0.000000 -0.597138 0.408308 0.408308 0.408308
3045.153564 0.000000 2322.075195 0.000000 0.017273 0.000000 0.999851 0.222367 0.222367 0.222367
3053.136475 0.000000 2318.099121 0.000000 0.929540 0.000000 0.368720 0.395663 0.395663 0.395663
3051.577393 0.000000 2349.308105 0.000000 0.210275 0.000000 0.977642 0.375573 0.375573 0.375573
3033.206787 0.000000 2344.783691 0.000000 0.890388 0.000000 -0.455202 0.408259 0.408259 0.408259
3081.175781 0.000000 2340.991211 0.000000 0.780716 0.000000 0.624886 0.388204 0.388204 0.388204
3062.538818 0.000000 2363.737549 0.000000 0.546944 0.000000 0.837169 0.376718 0.376718 0.376718
3074.939209 0.000000 2358.914795 0.000000 0.894776 0.000000 -0.446516 0.414560 0.414560 0.414560
3101.110107 0.000000 2324.626953 0.000000 0.665298 0.000000 -0.746578 0.481228 0.481228 0.481228
3053.289307 0.000000 2322.718018 0.000000 0.715685 0.000000 -0.698423 0.428955 0.428955 0.428955
3026.552979 0.000000 2335.813721 0.000000 0.582044 0.000000 0.813157 0.314184 0.314184 0.314184
3051.705811 0.000000 2339.953613 0.000000 0.014779 0.000000 0.999891 0.266367 0.266367 0.266367
3054.287842 0.000000 2338.472656 0.000000 0.967710 0.000000 -0.252066 0.422011 0.422011 0.422011
3079.635742 0.000000 2360.507080 0.000000 0.880895 0.000000 -0.473312 0.419448 0.419448 0.419448
3056.914062 0.000000 2341.160889 0.000000 0.930856 0.000000 -0.365386 0.418863 0.418863 0.418863
3106.117676 0.000000 2329.340820 0.000000 0.708709 0.000000 0.705501 0.356205 0.356205 0.356205
3085.508057 0.000000 2369.562744 0.000000 0.435235 0.000000 0.900317 0.310484 0.310484 0.310484
3031.175781 0.000000 2343.365723 0.000000 0.008614 0.000000 -0.999963 0.473321 0.473321 0.473321
3046.310303 0.000000 2318.442139 0.000000 0.618757 0.000000 -0.785583 0.445119 0.445119 0.445119
3062.482422 0.000000 2337.261475 0.000000 0.565711 0.000000 -0.824603 0.463415 0.463415 0.463415
3100.266846 0.000000 2319.461670 0.000000 0.999580 0.000000 0.028988 0.398451 0.398451 0.398451
3024.769287 0.000000 2340.745117 0.000000 0.854911 0.000000 0.518774 0.368410 0.368410 0.368410
3079.482910 0.000000 2362.905029 0.000000 0.387314 0.000000 0.921948 0.308626 0.308626 0.308626
3030.601807 0.000000 2330.934570 0.000000 0.201144 0.000000 0.979562 0.330315 0.330315 0.330315
3094.799316 0.000000 2337.728516 0.000000 0.095506 0.000000 -0.995429 0.503854 0.503854 0.503854
3027.418945 0.000000 2333.091064 0.000000 0.855289 0.000000 0.518151 0.357845 0.357845 0.357845
3046.135498 0.000000 2340.543457 0.000000 0.811991 0.000000 -0.583670 0.437032 0.437032 0.437032
3029.108154 0.000000 2342.325195 0.000000 0.457984 0.000000 0.888960 0.340401 0.340401 0.340401
3052.345459 0.000000 2342.556396 0.000000 0.146682 0.000000 0.989184 0.327498 0.327498 0.327498
3063.447510 0.000000 2369.571777 0.000000 0.967605 0.000000 -0.252470 0.414783 0.414783 0.414783
3039.754395 0.000000 2322.666260 0.000000 0.693535 0.000000 -0.720423 0.442977 0.442977 0.442977
3078.594971 0.000000 2375.458984 0.000000 0.398476 0.000000 0.917179 0.323484 0.323484 0.323484
3048.086670 0.000000 2341.478027 0.000000 0.106852 0.000000 0.994275 0.309373 0.309373 0.309373
3137.820557 0.000000 2333.299561 0.000000 0.744477 0.000000 -0.667648 0.483224 0.483224 0.483224
3154.520020 0.000000 2347.524170 0.000000 0.653428 0.000000 -0.756989 0.499471 0.499471 0.499471
3145.092285 0.000000 2335.377930 0.000000 0.999694 0.000000 0.024754 0.397095 0.397095 0.397095
3138.358887 0.000000 2341.189697 0.000000 0.741347 0.000000 0.671122 0.309999 0.309999 0.309999
3141.810547 0.000000 2328.582031 0.000000 0.531205 0.000000 0.847243 0.286950 0.286950 0.286950
3177.259521 0.000000 2375.405518 0.000000 0.937495 0.000000 0.347998 0.396096 0.396096 0.396096
3172.130859 0.000000 2369.181396 0.000000 0.438970 0.000000 0.898502 0.266781 0.266781 0.266781
3155.821045 0.000000 2352.564453 0.000000 0.889319 0.000000 0.457287 0.347354 0.347354 0.347354
3186.078125 0.000000 2311.833252 0.000000 0.945320 0.000000 -0.326145 0.436660 0.436660 0.436660
3143.853760 0.000000 2324.190430 0.000000 0.538098 0.000000 0.842882 0.289864 0.289864 0.289864
3190.013428 0.000000 2320.010498 0.000000 0.526275 0.000000 0.850314 0.385280 0.385280 0.385280
3189.798584 0.000000 2343.249512 0.000000 0.498588 0.000000 0.866839 0.383766 0.383766 0.383766
3178.551514 0.000000 2315.314453 0.000000 0.674617 0.000000 -0.738168 0.414511 0.414511 0.414511
3181.453857 0.000000 2333.617676 0.000000 0.999006 0.000000 -0.044576 0.400868 0.400868 0.400868
3150.423096 0.000000 2329.503662 0.000000 0.879829 0.000000 -0.475290 0.412118 0.412118 0.412118
3153.847656 0.000000 2333.483154 0.000000 0.330972 0.000000 -0.943641 0.432026 0.432026 0.432026
3169.777832 0.000000 2351.052979 0.000000 0.995056 0.000000 -0.099313 0.402335 0.402335 0.402335
3155.053955 0.000000 2376.255859 0.000000 0.995711 0.000000 0.092518 0.397594 0.397594 0.397594
3128.628418 0.000000 2316.787842 0.000000 0.549126 0.000000 0.835740 0.377273 0.377273 0.377273
3129.647949 0.000000 2336.221680 0.000000 0.342386 0.000000 0.939559 0.363410 0.363410 0.363410
3186.603271 0.000000 2319.864990 0.000000 0.210493 0.000000 0.977595 0.366757 0.366757 0.366757
3154.864990 0.000000 2372.552246 0.000000 0.720896 0.000000 -0.693043 0.417587 0.417587 0.417587
3157.378418 0.000000 2345.741943 0.000000 0.159510 0.000000 0.987196 0.259135 0.259135 0.259135
3165.703857 0.000000 2333.936523 0.000000 0.208016 0.000000 0.978125 0.351742 0.351742 0.351742
3189.984619 0.000000 2338.309082 0.000000 0.882156 0.000000 -0.470957 0.414446 0.414446 0.414446
3159.281494 0.000000 2352.317139 0.000000 0.620849 0.000000 -0.783930 0.489973 0.489973 0.489973
3135.949219 0.000000 2315.062256 0.000000 0.917577 0.000000 0.397559 0.385097 0.385097 0.385097
3158.353516 0.000000 2362.605957 0.000000 0.996059 0.000000 0.088691 0.396674 0.396674 0.396674
3177.208008 0.000000 2311.720947 0.000000 0.839814 0.000000 0.542875 0.381948 0.381948 0.381948
3180.024902 0.000000 2356.521240 0.000000 0.687616 0.000000 -0.726075 0.423127 0.423127 0.423127
3131.298096 0.000000 2324.147217 0.000000 0.169641 0.000000 -0.985506 0.532848 0.532848 0.532848
3130.661133 0.000000 2330.200684 0.000000 0.009412 0.000000 -0.999956 0.537992 0.537992 0.537992
3168.189209 0.000000 2325.885742 0.000000 0.435060 0.000000 0.900401 0.351877 0.351877 0.351877
3137.281494 0.000000 2322.718018 0.000000 0.989439 0.000000 -0.144948 0.413800 0.413800 0.413800
3161.628906 0.000000 2364.236328 0.000000 0.704861 0.000000 -0.709345 0.425199 0.425199 0.425199
3151.894043 0.000000 2339.223145 0.000000 0.788998 0.000000 -0.614396 0.461446 0.461446 0.461446
3181.609619 0.000000 2315.187500 0.000000 0.158072 0.000000 -0.987428 0.455699 0.455699 0.455699
3173.152832 0.000000 2341.375000 0.000000 0.753071 0.000000 0.657939 0.336538 0.336538 0.336538
3135.697998 0.000000 2339.953613 0.000000 0.180442 0.000000 0.983586 0.282067 0.282067 0.282067
3160.114014 0.000000 2336.061279 0.000000 0.614817 0.000000 0.788670 0.360529 0.360529 0.360529
3159.104980 0.000000 2340.509521 0.000000 0.361784 0.000000 -0.932262 0.500113 0.500113 0.500113
3145.335693 0.000000 2321.896240 0.000000 0.076783 0.000000 -0.997048 0.524572 0.524572 0.524572
3168.116943 0.000000 2335.440674 0.000000 0.761554 0.000000 -0.648101 0.456681 0.456681 0.456681
3165.448975 0.000000 2316.903809 0.000000 0.592564 0.000000 0.805523 0.356978 0.356978 0.356978
3146.884766 0.000000 2333.383545 0.000000 0.939111 0.000000 -0.343615 0.430124 0.430124 0.430124
3185.182129 0.000000 2317.386963 0.000000 0.747572 0.000000 -0.664181 0.430104 0.430104 0.430104
3148.551270 0.000000 2331.295898 0.000000 0.195143 0.000000 0.980775 0.325885 0.325885 0.325885
3143.911133 0.000000 2371.646240 0.000000 0.348950 0.000000 -0.937141 0.491556 0.491556 0.491556
3137.901123 0.000000 2350.324463 0.000000 0.596449 0.000000 -0.802651 0.445592 0.445592 0.445592
3164.122559 0.000000 2368.238037 0.000000 0.144868 0.000000 -0.989451 0.474731 0.474731 0.474731
3148.530029 0.000000 2318.123291 0.000000 0.821507 0.000000 0.570198 0.350618 0.350618 0.350618
3110.565186 0.000000 2322.747803 0.000000 0.951662 0.000000 -0.307147 0.412938 0.412938 0.412938
3171.246582 0.000000 2360.076660 0.000000 0.854766 0.000000 -0.519014 0.425340 0.425340 0.425340
3163.969482 0.000000 2338.564697 0.000000 0.997818 0.000000 0.066023 0.395151 0.395151 0.395151
3137.231445 0.000000 2347.158691 0.000000 0.448525 0.000000 0.893770 0.312220 0.312220 0.312220
3147.739746 0.000000 2311.480225 0.000000 0.873174 0.000000 -0.487409 0.441690 0.441690 0.441690
3137.999023 0.000000 2320.377930 0.000000 0.445041 0.000000 0.895510 0.307478 0.307478 0.307478
3142.587646 0.000000 2369.408447 0.000000 0.403064 0.000000 0.915172 0.318619 0.318619 0.318619
3175.859619 0.000000 2330.470703 0.000000 0.792105 0.000000 -0.610385 0.432782 0.432782 0.432782
3171.418213 0.000000 2333.117676 0.000000 0.969972 0.000000 -0.243218 0.418155 0.418155 0.418155
3152.416504 0.000000 2357.050781 0.000000 0.570750 0.000000 -0.821124 0.472154 0.472154 0.472154
3175.827148 0.000000 2326.154053 0.000000 0.564302 0.000000 -0.825569 0.445099 0.445099 0.445099
3169.500244 0.000000 2369.562744 0.000000 0.337531 0.000000 0.941315 0.305690 0.305690 0.305690
3134.821533 0.000000 2317.266846 0.000000 0.617107 0.000000 -0.786879 0.441606 0.441606 0.441606
3145.844238 0.000000 2366.890381 0.000000 0.998112 0.000000 -0.061421 0.403836 0.403836 0.403836
3153.980957 0.000000 2358.915039 0.000000 0.893868 0.000000 0.448329 0.371216 0.371216 0.371216
3179.108398 0.000000 2313.060059 0.000000 0.822977 0.000000 -0.568075 0.427753 0.427753 0.427753
3152.482910 0.000000 2319.112305 0.000000 0.443585 0.000000 0.896232 0.318994 0.318994 0.318994
3165.452148 0.000000 2312.172852 0.000000 0.338837 0.000000 0.940845 0.312525 0.312525 0.312525
3134.858643 0.000000 2347.056641 0.000000 0.790885 0.000000 0.611964 0.360213 0.360213 0.360213
3163.475098 0.000000 2362.905029 0.000000 0.870811 0.000000 0.491618 0.362534 0.362534 0.362534
3128.190918 0.000000 2334.427490 0.000000 0.747045 0.000000 -0.664773 0.437035 0.437035 0.437035
3152.726318 0.000000 2377.150146 0.000000 0.407210 0.000000 -0.913335 0.467839 0.467839 0.467839
3178.791504 0.000000 2337.728516 0.000000 0.721735 0.000000 0.692169 0.358775 0.358775 0.358775
3124.310547 0.000000 2326.175293 0.000000 0.298206 0.000000 0.954501 0.330357 0.330357 0.330357
3109.539307 0.000000 2325.957275 0.000000 0.998118 0.000000 0.061319 0.395496 0.395496 0.395496
3166.810547 0.000000 2346.201904 0.000000 0.566185 0.000000 -0.824278 0.472085 0.472085 0.472085
3134.376709 0.000000 2344.442627 0.000000 0.949825 0.000000 0.312782 0.376968 0.376968 0.376968
3174.242676 0.000000 2343.783203 0.000000 0.446162 0.000000 0.894952 0.337466 0.337466 0.337466
3183.720459 0.000000 2370.358398 0.000000 0.999876 0.000000 0.015738 0.398884 0.398884 0.398884
3146.260986 0.000000 2324.381104 0.000000 0.341750 0.000000 0.939791 0.322509 0.322509 0.322509
3133.946045 0.000000 2338.248779 0.000000 0.900995 0.000000 0.433830 0.371768 0.371768 0.371768
3165.622070 0.000000 2349.977295 0.000000 0.772942 0.000000 0.634477 0.351953 0.351953 0.351953
3164.028076 0.000000 2336.386963 0.000000 0.073778 0.000000 0.997275 0.291621 0.291621 0.291621
3176.325439 0.000000 2344.478027 0.000000 0.999971 0.000000 0.007665 0.399502 0.399502 0.399502
3141.004883 0.000000 2313.667236 0.000000 0.929164 0.000000 -0.369667 0.426280 0.426280 0.426280
3148.625000 0.000000 2378.526611 0.000000 0.229242 0.000000 -0.973370 0.475577 0.475577 0.475577
3180.494141 0.000000 2345.646240 0.000000 0.978998 0.000000 -0.203868 0.413839 0.413839 0.413839
3181.650635 0.000000 2342.140869 0.000000 0.759881 0.000000 -0.650062 0.441695 0.441695 0.441695
3151.951416 0.000000 2334.458984 0.000000 0.549129 0.000000 -0.835738 0.457804 0.457804 0.457804
3132.478516 0.000000 2343.551514 0.000000 0.739714 0.000000 -0.672921 0.443491 0.443491 0.443491
3168.922363 0.000000 2346.719238 0.000000 0.969770 0.000000 -0.244022 0.416124 0.416124 0.416124
3132.078857 0.000000 2341.478027 0.000000 0.278683 0.000000 0.960383 0.320874 0.320874 0.320874
3153.860840 0.000000 2374.365723 0.000000 0.997031 0.000000 -0.077004 0.405119 0.405119 0.405119
3169.411621 0.000000 2333.812988 0.000000 0.776955 0.000000 -0.629556 0.442163 0.442163 0.442163
3166.822754 0.000000 2360.567383 0.000000 0.771992 0.000000 -0.635633 0.444712 0.444712 0.444712
3155.599365 0.000000 2338.595459 0.000000 0.469310 0.000000 -0.883034 0.469171 0.469171 0.469171
3080.439453 0.000000 2389.511719 0.000000 0.975944 0.000000 -0.218022 0.408779 0.408779 0.408779
3083.648438 0.000000 2391.686279 0.000000 0.845776 0.000000 0.533539 0.366561 0.366561 0.366561
3147.739746 0.000000 2379.464600 0.000000 0.904599 0.000000 -0.426264 0.418470 0.418470 0.418470
3199.232178 0.000000 2353.244385 0.000000 0.638860 0.000000 -0.769323 0.403945 0.403945 0.403945
3222.006104 0.000000 2312.007568 0.000000 0.219709 0.000000 -0.975565 0.406737 0.406737 0.406737
3209.545898 0.000000 2318.303955 0.000000 0.999809 0.000000 -0.019538 0.402302 0.402302 0.402302
3235.613037 0.000000 2342.462158 0.000000 0.533255 0.000000 0.845955 0.389930 0.389930 0.389930
3198.574707 0.000000 2347.869873 0.000000 0.982836 0.000000 0.184483 0.397777 0.397777 0.397777
3228.134033 0.000000 2348.044189 0.000000 0.951052 0.000000 -0.309031 0.403922 0.403922 0.403922
3197.611816 0.000000 2357.243896 0.000000 0.955962 0.000000 0.293490 0.394051 0.394051 0.394051
3197.844727 0.000000 2321.917480 0.000000 0.974759 0.000000 0.223258 0.396515 0.396515 0.396515
3212.620605 0.000000 2316.787842 0.000000 0.734433 0.000000 -0.678681 0.418251 0.418251 0.418251
3218.621826 0.000000 2319.674561 0.000000 0.349175 0.000000 0.937058 0.354534 0.354534 0.354534
3194.797852 0.000000 2315.022461 0.000000 0.988075 0.000000 -0.153971 0.406406 0.406406 0.406406
3200.167725 0.000000 2355.914307 0.000000 0.999775 0.000000 -0.021196 0.401799 0.401799 0.401799
3192.075684 0.000000 2318.212891 0.000000 0.681632 0.000000 -0.731695 0.433607 0.433607 0.433607
3217.355713 0.000000 2328.666992 0.000000 0.995898 0.000000 0.090486 0.392309 0.392309 0.392309
3199.130127 0.000000 2335.494873 0.000000 0.995978 0.000000 -0.089602 0.403315 0.403315 0.403315
3204.292969 0.000000 2343.745605 0.000000 0.288878 0.000000 0.957366 0.335563 0.335563 0.335563
3216.335938 0.000000 2361.677979 0.000000 0.882070 0.000000 -0.471119 0.420820 0.420820 0.420820
3203.942383 0.000000 2337.629883 0.000000 0.100565 0.000000 -0.994931 0.477072 0.477072 0.477072
3196.906738 0.000000 2339.944824 0.000000 0.902116 0.000000 0.431493 0.364803 0.364803 0.364803
3224.898438 0.000000 2341.160889 0.000000 0.050264 0.000000 0.998736 0.279286 0.279286 0.279286
3196.919434 0.000000 2327.083008 0.000000 0.988595 0.000000 0.150595 0.387697 0.387697 0.387697
3199.204590 0.000000 2338.202637 0.000000 0.954696 0.000000 -0.297584 0.425045 0.425045 0.425045
3200.248291 0.000000 2321.490479 0.000000 0.462641 0.000000 0.886545 0.315655 0.315655 0.315655
3214.294678 0.000000 2318.442139 0.000000 0.853450 0.000000 -0.521176 0.434491 0.434491 0.434491
3230.466797 0.000000 2337.261475 0.000000 0.587419 0.000000 -0.809283 0.459793 0.459793 0.459793
3208.035156 0.000000 2335.256104 0.000000 0.282088 0.000000 -0.959388 0.487248 0.487248 0.487248
3237.411621 0.000000 2324.850586 0.000000 0.899089 0.000000 0.437766 0.371946 0.371946 0.371946
3195.739014 0.000000 2356.038574 0.000000 0.732983 0.000000 -0.680246 0.451548 0.451548 0.451548
3216.071045 0.000000 2341.478027 0.000000 0.189224 0.000000 -0.981934 0.493050 0.493050 0.493050
4610.427246 0.000000 2236.335205 0.000000 0.991704 0.000000 -0.128539 0.401223 0.401223 0.401223
4608.579590 0.000000 2239.290039 0.000000 0.603077 0.000000 -0.797683 0.423515 0.423515 0.423515
4604.212402 0.000000 2237.228760 0.000000 0.766582 0.000000 -0.642147 0.434120 0.434120 0.434120
4622.839844 0.000000 2235.330078 0.000000 0.096914 0.000000 0.995293 0.322000 0.322000 0.322000
4625.875977 0.000000 2227.634277 0.000000 0.198310 0.000000 -0.980139 0.466410 0.466410 0.466410
4649.760254 0.000000 2214.355713 0.000000 0.265491 0.000000 0.964113 0.303779 0.303779 0.303779
4625.026367 0.000000 2235.779541 0.000000 0.350759 0.000000 0.936466 0.330988 0.330988 0.330988
5232.148438 0.000000 2225.709229 0.000000 0.865079 0.000000 -0.501636 0.436996 0.436996 0.436996
5249.357910 0.000000 2220.627686 0.000000 0.838833 0.000000 0.544389 0.367807 0.367807 0.367807
5267.978027 0.000000 2263.896484 0.000000 0.714173 0.000000 0.699970 0.314829 0.314829 0.314829
5265.508789 0.000000 2265.952148 0.000000 0.353098 0.000000 0.935586 0.365565 0.365565 0.365565
5267.921387 0.000000 2267.456299 0.000000 0.810868 0.000000 0.585229 0.349120 0.349120 0.349120
5264.236328 0.000000 2253.542969 0.000000 0.962015 0.000000 0.272998 0.387850 0.387850 0.387850
5261.089355 0.000000 2261.207031 0.000000 0.206933 0.000000 -0.978355 0.503396 0.503396 0.503396
5294.002441 0.000000 2300.758789 0.000000 0.243697 0.000000 -0.969851 0.527649 0.527649 0.527649
5186.798340 0.000000 2347.136719 0.000000 0.560861 0.000000 0.827910 0.390747 0.390747 0.390747
5190.371582 0.000000 2346.076660 0.000000 0.600857 0.000000 -0.799356 0.424511 0.424511 0.424511
5173.256348 0.000000 2330.557129 0.000000 0.868066 0.000000 0.496450 0.385993 0.385993 0.385993
5175.926758 0.000000 2336.061279 0.000000 0.608370 0.000000 0.793653 0.366126 0.366126 0.366126
5258.828613 0.000000 2365.758789 0.000000 0.792304 0.000000 -0.610126 0.402949 0.402949 0.402949
5244.529297 0.000000 2359.653076 0.000000 0.838435 0.000000 -0.545002 0.405468 0.405468 0.405468
5214.387207 0.000000 2347.869873 0.000000 0.823204 0.000000 -0.567745 0.407235 0.407235 0.407235
5271.966797 0.000000 2365.560791 0.000000 0.782891 0.000000 0.622159 0.385583 0.385583 0.385583
5287.960938 0.000000 2332.219482 0.000000 0.969430 0.000000 -0.245366 0.406808 0.406808 0.406808
5216.088379 0.000000 2350.793945 0.000000 0.283722 0.000000 -0.958906 0.459583 0.459583 0.459583
5261.170898 0.000000 2354.046387 0.000000 0.334890 0.000000 -0.942257 0.464450 0.464450 0.464450
5257.394043 0.000000 2357.059814 0.000000 0.651990 0.000000 0.758227 0.351874 0.351874 0.351874
5297.416504 0.000000 2357.243896 0.000000 0.210895 0.000000 0.977509 0.374228 0.374228 0.374228
5296.968262 0.000000 2344.631348 0.000000 0.464131 0.000000 -0.885767 0.432056 0.432056 0.432056
5303.747070 0.000000 2337.629883 0.000000 0.188061 0.000000 0.982157 0.340673 0.340673 0.340673
5297.800781 0.000000 2314.953857 0.000000 0.036214 0.000000 0.999344 0.273572 0.273572 0.273572
5298.577148 0.000000 2328.489502 0.000000 0.975940 0.000000 0.218041 0.382330 0.382330 0.382330
5293.606934 0.000000 2360.719482 0.000000 0.845823 0.000000 -0.533463 0.434839 0.434839 0.434839
5301.293945 0.000000 2325.243408 0.000000 0.986616 0.000000 -0.163059 0.410386 0.410386 0.410386
5292.941895 0.000000 2378.093994 0.000000 0.816458 0.000000 -0.577405 0.436574 0.436574 0.436574
5302.102539 0.000000 2331.364502 0.000000 0.464580 0.000000 -0.885531 0.464082 0.464082 0.464082
5231.816895 0.000000 2427.202881 0.000000 0.540537 0.000000 0.841320 0.393012 0.393012 0.393012
5265.190430 0.000000 2393.101807 0.000000 0.009637 0.000000 0.999954 0.387528 0.387528 0.387528
5252.125977 0.000000 2390.955566 0.000000 0.872197 0.000000 0.489155 0.394130 0.394130 0.394130
5226.115723 0.000000 2429.447021 0.000000 0.012734 0.000000 -0.999919 0.417893 0.417893 0.417893
5232.391602 0.000000 2437.507812 0.000000 0.771655 0.000000 0.636041 0.392083 0.392083 0.392083
5246.764160 0.000000 2445.172852 0.000000 0.233115 0.000000 -0.972449 0.417338 0.417338 0.417338
5212.235352 0.000000 2433.687256 0.000000 0.046637 0.000000 0.998912 0.365754 0.365754 0.365754
5257.476562 0.000000 2446.325684 0.000000 0.691184 0.000000 0.722679 0.375803 0.375803 0.375803
5228.516602 0.000000 2426.743896 0.000000 0.345648 0.000000 -0.938364 0.435877 0.435877 0.435877
5268.700195 0.000000 2406.440674 0.000000 0.059870 0.000000 0.998206 0.353227 0.353227 0.353227
5290.402832 0.000000 2383.910645 0.000000 0.295741 0.000000 -0.955268 0.444408 0.444408 0.444408
5213.821289 0.000000 2431.587402 0.000000 0.036294 0.000000 -0.999341 0.481216 0.481216 0.481216
5297.649414 0.000000 2389.901855 0.000000 0.870641 0.000000 -0.491919 0.408474 0.408474 0.408474
5295.480957 0.000000 2393.002441 0.000000 0.909804 0.000000 0.415039 0.390597 0.390597 0.390597
5351.913574 0.000000 2403.425049 0.000000 0.939282 0.000000 -0.343147 0.413991 0.413991 0.413991
5343.240723 0.000000 2411.108154 0.000000 0.184869 0.000000 -0.982763 0.485743 0.485743 0.485743
5308.221191 0.000000 2409.465576 0.000000 0.760309 0.000000 -0.649562 0.441303 0.441303 0.441303
5324.368164 0.000000 2406.582764 0.000000 0.027463 0.000000 -0.999623 0.495554 0.495554 0.495554
5306.759277 0.000000 2380.320068 0.000000 0.704990 0.000000 0.709217 0.351188 0.351188 0.351188
5260.791992 0.000000 2452.160645 0.000000 0.793212 0.000000 0.608946 0.380712 0.380712 0.380712
5248.114746 0.000000 2477.851562 0.000000 0.598894 0.000000 -0.800828 0.428286 0.428286 0.428286
5313.750977 0.000000 2498.535889 0.000000 0.768234 0.000000 -0.640169 0.414569 0.414569 0.414569
5353.870117 0.000000 2545.246582 0.000000 0.922705 0.000000 -0.385507 0.403359 0.403359 0.403359
5297.649414 0.000000 2525.870605 0.000000 0.687542 0.000000 0.726144 0.387826 0.387826 0.387826
5346.503418 0.000000 2531.375732 0.000000 0.289213 0.000000 0.957265 0.371298 0.371298 0.371298
5352.172363 0.000000 2548.437744 0.000000 0.935480 0.000000 -0.353379 0.408837 0.408837 0.408837
5306.414062 0.000000 2531.612305 0.000000 0.015322 0.000000 -0.999883 0.452036 0.452036 0.452036
5328.323730 0.000000 2521.029541 0.000000 0.961138 0.000000 -0.276069 0.408100 0.408100 0.408100
5296.187012 0.000000 2523.735107 0.000000 0.945796 0.000000 0.324761 0.387779 0.387779 0.387779
8536.914062 0.000000 2028.942505 0.000000 0.015302 0.000000 -0.999883 0.430290 0.430290 0.430290
8530.436523 0.000000 2016.716919 0.000000 0.958612 0.000000 0.284715 0.393513 0.393513 0.393513
8537.424805 0.000000 2033.395386 0.000000 0.519648 0.000000 0.854380 0.378518 0.378518 0.378518
8562.969727 0.000000 2010.573730 0.000000 0.940113 0.000000 -0.340863 0.407989 0.407989 0.407989
8543.923828 0.000000 2040.068970 0.000000 0.973294 0.000000 -0.229563 0.401272 0.401272 0.401272
8563.282227 0.000000 2056.495361 0.000000 0.999996 0.000000 0.002894 0.399964 0.399964 0.399964
8560.287109 0.000000 2065.209473 0.000000 0.994661 0.000000 0.103193 0.397780 0.397780 0.397780
8557.247070 0.000000 2057.977295 0.000000 0.643066 0.000000 0.765810 0.380400 0.380400 0.380400
8501.157227 0.000000 2125.199219 0.000000 0.176577 0.000000 -0.984287 0.412522 0.412522 0.412522
8504.645508 0.000000 2118.122070 0.000000 0.856441 0.000000 0.516246 0.393770 0.393770 0.393770
8508.978516 0.000000 2109.044434 0.000000 0.405126 0.000000 -0.914261 0.414401 0.414401 0.414401
8561.872070 0.000000 2141.056152 0.000000 0.947668 0.000000 -0.319259 0.406003 0.406003 0.406003
8604.216797 0.000000 2087.715576 0.000000 0.748612 0.000000 -0.663008 0.407600 0.407600 0.407600
8615.568359 0.000000 2088.487549 0.000000 0.339212 0.000000 -0.940710 0.410396 0.410396 0.410396
8577.342773 0.000000 2064.149658 0.000000 0.738263 0.000000 -0.674513 0.409611 0.409611 0.409611
8608.206055 0.000000 2066.598877 0.000000 0.363352 0.000000 0.931652 0.382041 0.382041 0.382041
8647.668945 0.000000 2063.525391 0.000000 0.572619 0.000000 -0.819822 0.413437 0.413437 0.413437
8620.906250 0.000000 2096.927002 0.000000 0.947607 0.000000 -0.319438 0.406007 0.406007 0.406007
8589.922852 0.000000 2070.953613 0.000000 0.994755 0.000000 -0.102287 0.401791 0.401791 0.401791
8606.023438 0.000000 2091.800049 0.000000 0.793751 0.000000 0.608243 0.385962 0.385962 0.385962
8666.794922 0.000000 2077.538330 0.000000 0.657092 0.000000 -0.753810 0.423022 0.423022 0.423022
8672.570312 0.000000 2074.638916 0.000000 0.742312 0.000000 -0.670054 0.416865 0.416865 0.416865
8619.148438 0.000000 2151.687012 0.000000 0.043830 0.000000 -0.999039 0.403812 0.403812 0.403812
8569.094727 0.000000 2151.703857 0.000000 0.952117 0.000000 0.305733 0.396587 0.396587 0.396587
8650.771484 0.000000 2107.691162 0.000000 0.553192 0.000000 -0.833054 0.409341 0.409341 0.409341
8642.052734 0.000000 2168.350830 0.000000 0.141519 0.000000 -0.989936 0.418549 0.418549 0.418549
8615.313477 0.000000 2148.611328 0.000000 0.215685 0.000000 0.976463 0.379727 0.379727 0.379727
8616.873047 0.000000 2166.271240 0.000000 0.194843 0.000000 -0.980834 0.418533 0.418533 0.418533
8642.291016 0.000000 2151.442871 0.000000 0.954165 0.000000 -0.299282 0.405312 0.405312 0.405312
8628.388672 0.000000 2167.908447 0.000000 0.995210 0.000000 -0.097758 0.401662 0.401662 0.401662
8620.906250 0.000000 2164.911377 0.000000 0.656369 0.000000 0.754440 0.385062 0.385062 0.385062
8640.204102 0.000000 2171.305664 0.000000 0.607768 0.000000 -0.794115 0.424282 0.424282 0.424282
8648.107422 0.000000 2109.504395 0.000000 0.605196 0.000000 -0.796076 0.426666 0.426666 0.426666
8663.968750 0.000000 2127.281006 0.000000 0.941485 0.000000 0.337056 0.397425 0.397425 0.397425
8709.005859 0.000000 2154.802734 0.000000 0.055227 0.000000 -0.998474 0.413621 0.413621 0.413621
8699.560547 0.000000 2156.471924 0.000000 0.808248 0.000000 0.588842 0.393712 0.393712 0.393712
8677.868164 0.000000 2118.624023 0.000000 0.999113 0.000000 0.042113 0.399558 0.399558 0.399558
8700.735352 0.000000 2138.423340 0.000000 0.395138 0.000000 0.918622 0.386626 0.386626 0.386626
8704.697266 0.000000 2157.325928 0.000000 0.907204 0.000000 -0.420692 0.404986 0.404986 0.404986
8686.267578 0.000000 2135.522217 0.000000 0.068026 0.000000 0.997684 0.382743 0.382743 0.382743
8713.642578 0.000000 2153.736572 0.000000 0.232662 0.000000 -0.972558 0.418011 0.418011 0.418011
8692.589844 0.000000 2141.481445 0.000000 0.933681 0.000000 -0.358106 0.409143 0.409143 0.409143
8692.940430 0.000000 2166.709473 0.000000 0.954425 0.000000 -0.298452 0.407415 0.407415 0.407415
8711.082031 0.000000 2151.338379 0.000000 0.970344 0.000000 -0.241728 0.405730 0.405730 0.405730
8691.794922 0.000000 2137.929688 0.000000 0.779552 0.000000 0.626337 0.383440 0.383440 0.383440
8702.416016 0.000000 2154.961670 0.000000 0.992652 0.000000 -0.121005 0.403089 0.403089 0.403089
8697.962891 0.000000 2140.374023 0.000000 0.671501 0.000000 0.741004 0.376664 0.376664 0.376664
8692.281250 0.000000 2160.774658 0.000000 0.774180 0.000000 -0.632965 0.427377 0.427377 0.427377
5407.244141 0.000000 2696.535400 0.000000 0.926324 0.000000 -0.376728 0.404243 0.404243 0.404243
5432.957031 0.000000 2680.913086 0.000000 0.950368 0.000000 -0.311128 0.406793 0.406793 0.406793
5406.822266 0.000000 2709.990967 0.000000 0.588128 0.000000 0.808768 0.334618 0.334618 0.334618
5449.242676 0.000000 2741.523926 0.000000 0.413578 0.000000 -0.910469 0.427999 0.427999 0.427999
5448.673340 0.000000 2755.750000 0.000000 0.086231 0.000000 0.996275 0.365905 0.365905 0.365905
5453.251465 0.000000 2755.923828 0.000000 0.853969 0.000000 -0.520324 0.416941 0.416941 0.416941
5742.116699 0.000000 3021.033447 0.000000 0.302984 0.000000 0.952996 0.392433 0.392433 0.392433
5793.556152 0.000000 3023.093262 0.000000 0.969165 0.000000 -0.246412 0.404102 0.404102 0.404102
5849.034668 0.000000 3009.035156 0.000000 0.854183 0.000000 0.519973 0.367236 0.367236 0.367236
5928.993164 0.000000 3090.204590 0.000000 0.993384 0.000000 -0.114843 0.413620 0.413620 0.413620
5938.930176 0.000000 3096.223389 0.000000 0.006235 0.000000 -0.999981 0.429686 0.429686 0.429686
5930.847168 0.000000 3088.337646 0.000000 0.907735 0.000000 -0.419544 0.415564 0.415564 0.415564
6083.580566 0.000000 2936.049805 0.000000 0.595650 0.000000 -0.803244 0.415369 0.415369 0.415369
6094.611816 0.000000 2932.025391 0.000000 0.065707 0.000000 -0.997839 0.435320 0.435320 0.435320
6077.008301 0.000000 2934.577393 0.000000 0.959005 0.000000 -0.283389 0.410329 0.410329 0.410329
8536.120117 0.000000 2209.186035 0.000000 0.984675 0.000000 0.174400 0.397112 0.397112 0.397112
8581.119141 0.000000 2216.717529 0.000000 0.619420 0.000000 0.785060 0.390083 0.390083 0.390083
8585.802734 0.000000 2225.493896 0.000000 0.582168 0.000000 0.813069 0.389097 0.389097 0.389097
"}
