object={
	name="tree_araucaria_01_high_generator_1_0"
	clamp_to_water_level=no
	render_under_water=no
	generated_content=yes
	layer="tree_high_layer"
	pdxmesh="tree_araucaria_01_a_mesh"
	count=256
	transform="8734.969727 0.000000 3034.068359 0.000000 0.598207 0.000000 0.801342 0.738735 0.738735 0.738735
8735.089844 0.000000 3030.362793 0.000000 0.938690 0.000000 -0.344762 0.826714 0.826714 0.826714
8804.736328 0.000000 2919.280518 0.000000 0.486946 0.000000 0.873432 0.710898 0.710898 0.710898
8808.830078 0.000000 2924.307373 0.000000 0.914720 0.000000 0.404087 0.786707 0.786707 0.786707
8792.247070 0.000000 2956.754883 0.000000 0.650863 0.000000 0.759195 0.727686 0.727686 0.727686
8811.007812 0.000000 2962.492920 0.000000 0.440802 0.000000 0.897604 0.483975 0.483975 0.483975
8815.486328 0.000000 2935.763184 0.000000 0.336492 0.000000 -0.941687 0.849037 0.849037 0.849037
8763.125000 0.000000 2965.373535 0.000000 0.833132 0.000000 0.553075 0.734453 0.734453 0.734453
8804.772461 0.000000 2960.549561 0.000000 0.680349 0.000000 -0.732888 0.895285 0.895285 0.895285
8798.461914 0.000000 2958.996094 0.000000 0.066487 0.000000 -0.997787 0.848070 0.848070 0.848070
8816.750000 0.000000 2959.509277 0.000000 0.204160 0.000000 -0.978937 0.887252 0.887252 0.887252
8759.488281 0.000000 2971.077881 0.000000 0.578598 0.000000 -0.815612 0.857148 0.857148 0.857148
8812.342773 0.000000 2943.638428 0.000000 0.601154 0.000000 0.799133 0.761168 0.761168 0.761168
8810.383789 0.000000 2938.427979 0.000000 0.934739 0.000000 -0.355335 0.821041 0.821041 0.821041
8805.992188 0.000000 2965.832520 0.000000 0.486958 0.000000 0.873426 0.649377 0.649377 0.649377
8810.055664 0.000000 2929.646973 0.000000 0.612035 0.000000 -0.790831 0.869229 0.869229 0.869229
8815.258789 0.000000 2940.292236 0.000000 0.554407 0.000000 -0.832246 0.882470 0.882470 0.882470
8811.380859 0.000000 2933.837646 0.000000 0.134647 0.000000 -0.990894 0.874555 0.874555 0.874555
8788.096680 0.000000 2957.014160 0.000000 0.952040 0.000000 0.305972 0.750315 0.750315 0.750315
8817.275391 0.000000 2955.108887 0.000000 0.999995 0.000000 0.003311 0.799855 0.799855 0.799855
8806.028320 0.000000 2927.173828 0.000000 0.043353 0.000000 0.999060 0.708481 0.708481 0.708481
8813.848633 0.000000 2956.868652 0.000000 0.610501 0.000000 0.792015 0.531625 0.531625 0.531625
8795.851562 0.000000 2956.343994 0.000000 0.890586 0.000000 -0.454814 0.839607 0.839607 0.839607
8807.702148 0.000000 2963.051025 0.000000 0.771864 0.000000 0.635788 0.651375 0.651375 0.651375
8759.999023 0.000000 2967.623047 0.000000 0.993766 0.000000 -0.111484 0.808925 0.808925 0.808925
8803.016602 0.000000 2964.460938 0.000000 0.993911 0.000000 -0.110189 0.811247 0.811247 0.811247
8812.938477 0.000000 2959.876953 0.000000 0.276562 0.000000 0.960996 0.379851 0.379851 0.379851
8812.579102 0.000000 2936.486328 0.000000 0.137603 0.000000 -0.990487 0.920185 0.920185 0.920185
8812.221680 0.000000 2940.689453 0.000000 0.884069 0.000000 -0.467357 0.840793 0.840793 0.840793
8811.837891 0.000000 2965.034912 0.000000 0.014809 0.000000 -0.999890 0.942953 0.942953 0.942953
8813.158203 0.000000 2954.064697 0.000000 0.999920 0.000000 0.012672 0.797545 0.797545 0.797545
8810.732422 0.000000 2958.545898 0.000000 0.534827 0.000000 0.844962 0.592949 0.592949 0.592949
8805.151367 0.000000 2963.124512 0.000000 0.560934 0.000000 0.827860 0.599369 0.599369 0.599369
8808.677734 0.000000 2965.315674 0.000000 0.340713 0.000000 0.940167 0.621671 0.621671 0.621671
8812.019531 0.000000 2955.905762 0.000000 0.110726 0.000000 -0.993851 1.082818 1.082818 1.082818
8814.655273 0.000000 2958.714355 0.000000 0.944841 0.000000 -0.327530 0.880641 0.880641 0.880641
8811.148438 0.000000 2960.493896 0.000000 0.993228 0.000000 0.116184 0.767672 0.767672 0.767672
8809.500977 0.000000 2963.639893 0.000000 0.079895 0.000000 -0.996803 1.166234 1.166234 1.166234
8812.421875 0.000000 2958.021484 0.000000 0.374994 0.000000 -0.927027 1.186234 1.186234 1.186234
8812.580078 0.000000 2961.626465 0.000000 0.688378 0.000000 0.725353 0.574702 0.574702 0.574702
8754.152344 0.000000 3035.843018 0.000000 0.990541 0.000000 -0.137220 0.801925 0.801925 0.801925
8753.640625 0.000000 3015.979492 0.000000 0.151153 0.000000 0.988510 0.635616 0.635616 0.635616
8760.164062 0.000000 3026.112305 0.000000 0.973011 0.000000 -0.230757 0.838136 0.838136 0.838136
8781.669922 0.000000 3016.991211 0.000000 0.090312 0.000000 -0.995914 0.924179 0.924179 0.924179
8748.705078 0.000000 3026.180176 0.000000 0.346296 0.000000 -0.938125 0.870499 0.870499 0.870499
8763.125000 0.000000 3033.357910 0.000000 0.773550 0.000000 0.633735 0.778066 0.778066 0.778066
8747.960938 0.000000 3011.077881 0.000000 0.423970 0.000000 0.905676 0.777372 0.777372 0.777372
8742.900391 0.000000 3055.903320 0.000000 0.226797 0.000000 -0.973942 0.912573 0.912573 0.912573
8753.948242 0.000000 3022.570068 0.000000 0.267608 0.000000 0.963528 0.711730 0.711730 0.711730
8754.450195 0.000000 3029.422119 0.000000 0.707053 0.000000 0.707161 0.613315 0.613315 0.613315
8737.079102 0.000000 3035.500732 0.000000 0.985933 0.000000 0.167141 0.794298 0.794298 0.794298
8758.804688 0.000000 3013.026611 0.000000 0.361400 0.000000 -0.932411 0.835981 0.835981 0.835981
8777.502930 0.000000 3013.254395 0.000000 0.952270 0.000000 0.305257 0.780794 0.780794 0.780794
8737.822266 0.000000 3030.455078 0.000000 0.534392 0.000000 0.845237 0.715528 0.715528 0.715528
8758.141602 0.000000 3032.975830 0.000000 0.033897 0.000000 -0.999425 1.281918 1.281918 1.281918
8776.190430 0.000000 3018.380127 0.000000 0.967684 0.000000 0.252166 0.778107 0.778107 0.778107
8773.446289 0.000000 3010.691162 0.000000 0.931720 0.000000 -0.363179 0.811877 0.811877 0.811877
8746.958984 0.000000 3057.472900 0.000000 0.941507 0.000000 0.336993 0.749200 0.749200 0.749200
8763.045898 0.000000 3029.151855 0.000000 0.963403 0.000000 -0.268058 0.817886 0.817886 0.817886
8739.150391 0.000000 3057.726807 0.000000 0.170386 0.000000 0.985377 0.699370 0.699370 0.699370
8751.615234 0.000000 3012.552490 0.000000 0.284201 0.000000 -0.958765 0.907592 0.907592 0.907592
8781.324219 0.000000 3013.326904 0.000000 0.039949 0.000000 0.999202 0.714391 0.714391 0.714391
8752.733398 0.000000 3026.145996 0.000000 0.375450 0.000000 -0.926843 0.963430 0.963430 0.963430
8750.787109 0.000000 3029.319580 0.000000 0.909991 0.000000 -0.414629 0.852087 0.852087 0.852087
8756.562500 0.000000 3026.420166 0.000000 0.392038 0.000000 -0.919949 0.897972 0.897972 0.897972
8759.097656 0.000000 3029.558838 0.000000 0.627213 0.000000 -0.778848 1.044297 1.044297 1.044297
8757.124023 0.000000 3016.065430 0.000000 0.984036 0.000000 -0.177967 0.826086 0.826086 0.826086
8759.999023 0.000000 3035.607422 0.000000 0.907327 0.000000 -0.420425 0.839865 0.839865 0.839865
8746.296875 0.000000 3054.357422 0.000000 0.504115 0.000000 0.863636 0.710474 0.710474 0.710474
8778.525391 0.000000 3016.240723 0.000000 0.892031 0.000000 -0.451975 0.864630 0.864630 0.864630
8757.060547 0.000000 3035.809570 0.000000 0.525026 0.000000 0.851086 0.692236 0.692236 0.692236
8735.436523 0.000000 3033.100342 0.000000 0.301007 0.000000 0.953622 0.610505 0.610505 0.610505
8783.922852 0.000000 3015.245361 0.000000 0.493418 0.000000 0.869792 0.654641 0.654641 0.654641
8760.899414 0.000000 3031.681641 0.000000 0.654051 0.000000 -0.756451 0.991898 0.991898 0.991898
8755.340820 0.000000 3032.081543 0.000000 0.795934 0.000000 0.605383 0.725974 0.725974 0.725974
8756.760742 0.000000 3029.960205 0.000000 0.915839 0.000000 -0.401546 0.914712 0.914712 0.914712
8755.666992 0.000000 3014.271240 0.000000 0.641951 0.000000 0.766746 0.613274 0.613274 0.613274
8744.738281 0.000000 3057.392334 0.000000 0.496285 0.000000 0.868160 0.644596 0.644596 0.644596
8760.936523 0.000000 3028.484131 0.000000 0.167887 0.000000 0.985806 0.528366 0.528366 0.528366
8761.124023 0.000000 3033.871338 0.000000 0.843522 0.000000 -0.537095 0.896255 0.896255 0.896255
8752.597656 0.000000 3028.443848 0.000000 0.277061 0.000000 -0.960852 1.037044 1.037044 1.037044
8758.203125 0.000000 3031.156006 0.000000 0.348875 0.000000 0.937169 0.254263 0.254263 0.254263
8756.137695 0.000000 3028.252441 0.000000 0.331223 0.000000 0.943552 0.457645 0.457645 0.457645
8846.698242 0.000000 3122.034424 0.000000 0.489683 0.000000 -0.871900 0.880378 0.880378 0.880378
8869.937500 0.000000 3122.797852 0.000000 0.745183 0.000000 -0.666860 0.929758 0.929758 0.929758
8844.156250 0.000000 3094.096680 0.000000 0.566815 0.000000 0.823845 0.682047 0.682047 0.682047
8857.871094 0.000000 3120.654297 0.000000 0.320068 0.000000 0.947395 0.578697 0.578697 0.578697
8840.598633 0.000000 3113.842285 0.000000 0.067960 0.000000 -0.997688 0.890042 0.890042 0.890042
8855.110352 0.000000 3101.159424 0.000000 0.720224 0.000000 -0.693741 0.821437 0.821437 0.821437
8847.117188 0.000000 3101.342285 0.000000 0.086687 0.000000 -0.996236 1.090463 1.090463 1.090463
8849.828125 0.000000 3089.017822 0.000000 0.395579 0.000000 -0.918432 1.085973 1.085973 1.085973
8864.529297 0.000000 3127.227539 0.000000 0.094368 0.000000 -0.995537 0.991652 0.991652 0.991652
8851.180664 0.000000 3095.828613 0.000000 0.413693 0.000000 0.910416 0.710869 0.710869 0.710869
8843.427734 0.000000 3087.106934 0.000000 0.429199 0.000000 -0.903210 0.930574 0.930574 0.930574
8848.529297 0.000000 3115.593750 0.000000 0.929853 0.000000 -0.367930 0.853429 0.853429 0.853429
8852.526367 0.000000 3124.681396 0.000000 0.996711 0.000000 -0.081035 0.809235 0.809235 0.809235
8859.965820 0.000000 3097.162598 0.000000 0.850293 0.000000 -0.526309 0.828781 0.828781 0.828781
8856.193359 0.000000 3107.481201 0.000000 0.123161 0.000000 -0.992387 0.883829 0.883829 0.883829
8852.637695 0.000000 3119.216797 0.000000 0.218707 0.000000 -0.975791 0.913269 0.913269 0.913269
8863.262695 0.000000 3122.002441 0.000000 0.440405 0.000000 -0.897799 0.893509 0.893509 0.893509
8850.923828 0.000000 3104.441650 0.000000 0.121468 0.000000 0.992595 0.406409 0.406409 0.406409
8842.133789 0.000000 3100.960205 0.000000 0.261345 0.000000 0.965245 0.695634 0.695634 0.695634
8845.203125 0.000000 3111.620361 0.000000 0.099323 0.000000 -0.995055 0.852894 0.852894 0.852894
8844.055664 0.000000 3117.351562 0.000000 0.793622 0.000000 -0.608411 0.854865 0.854865 0.854865
8854.251953 0.000000 3087.303467 0.000000 0.821157 0.000000 -0.570703 0.870357 0.870357 0.870357
8868.849609 0.000000 3118.052490 0.000000 0.333018 0.000000 -0.942921 1.114776 1.114776 1.114776
8855.610352 0.000000 3095.872314 0.000000 0.794303 0.000000 0.607522 0.764790 0.764790 0.764790
8858.427734 0.000000 3125.016602 0.000000 0.304140 0.000000 -0.952627 0.928522 0.928522 0.928522
8858.777344 0.000000 3104.106445 0.000000 0.962309 0.000000 0.271958 0.782397 0.782397 0.782397
8847.038086 0.000000 3097.136230 0.000000 0.998268 0.000000 -0.058835 0.814814 0.814814 0.814814
8848.054688 0.000000 3092.607422 0.000000 0.714986 0.000000 0.699139 0.529407 0.529407 0.529407
8846.835938 0.000000 3105.193848 0.000000 0.996082 0.000000 0.088435 0.776832 0.776832 0.776832
8848.746094 0.000000 3125.653320 0.000000 0.652119 0.000000 -0.758117 0.908263 0.908263 0.908263
8851.124023 0.000000 3112.771484 0.000000 0.130038 0.000000 0.991509 0.661914 0.661914 0.661914
8863.689453 0.000000 3098.791016 0.000000 0.409435 0.000000 -0.912339 0.884906 0.884906 0.884906
8851.533203 0.000000 3084.243896 0.000000 0.938937 0.000000 0.344090 0.774042 0.774042 0.774042
8836.469727 0.000000 3119.072266 0.000000 0.939558 0.000000 0.342391 0.772082 0.772082 0.772082
8866.522461 0.000000 3124.083984 0.000000 0.875439 0.000000 -0.483329 0.863473 0.863473 0.863473
8858.643555 0.000000 3100.454834 0.000000 0.203288 0.000000 0.979119 0.472593 0.472593 0.472593
8866.333984 0.000000 3120.380371 0.000000 0.999932 0.000000 0.011687 0.799206 0.799206 0.799206
8869.140625 0.000000 3126.169434 0.000000 0.437030 0.000000 -0.899447 0.913930 0.913930 0.913930
8839.338867 0.000000 3117.145264 0.000000 0.699238 0.000000 -0.714889 0.866811 0.866811 0.866811
8854.686523 0.000000 3121.943359 0.000000 0.877399 0.000000 -0.479762 0.857964 0.857964 0.857964
8846.230469 0.000000 3108.553711 0.000000 0.756807 0.000000 0.653638 0.716055 0.716055 0.716055
8845.209961 0.000000 3114.601318 0.000000 0.999830 0.000000 0.018432 0.797865 0.797865 0.797865
8848.143555 0.000000 3112.103516 0.000000 0.592646 0.000000 -0.805463 0.957107 0.957107 0.957107
8860.228516 0.000000 3122.636475 0.000000 0.474430 0.000000 -0.880293 1.025749 1.025749 1.025749
8851.814453 0.000000 3107.242920 0.000000 0.886277 0.000000 -0.463156 0.925993 0.925993 0.925993
8856.422852 0.000000 3098.556152 0.000000 0.994362 0.000000 0.106034 0.777934 0.777934 0.777934
8844.891602 0.000000 3099.666016 0.000000 0.909559 0.000000 -0.415574 0.917267 0.917267 0.917267
8852.771484 0.000000 3102.459717 0.000000 0.869826 0.000000 0.493358 0.752598 0.752598 0.752598
8861.411133 0.000000 3100.455322 0.000000 0.910590 0.000000 0.413310 0.737026 0.737026 0.737026
8849.571289 0.000000 3102.182861 0.000000 0.507436 0.000000 -0.861689 1.109072 1.109072 1.109072
8855.379883 0.000000 3119.474365 0.000000 0.857214 0.000000 -0.514961 0.858343 0.858343 0.858343
8849.011719 0.000000 3106.585693 0.000000 0.744244 0.000000 -0.667908 1.080467 1.080467 1.080467
8849.370117 0.000000 3098.152588 0.000000 0.999034 0.000000 -0.043951 0.804742 0.804742 0.804742
8856.975586 0.000000 3123.008789 0.000000 0.831506 0.000000 -0.555516 0.919987 0.919987 0.919987
8848.700195 0.000000 3094.986816 0.000000 0.030186 0.000000 0.999544 0.375380 0.375380 0.375380
8852.375000 0.000000 3088.989014 0.000000 0.636926 0.000000 0.770925 0.548584 0.548584 0.548584
8850.419922 0.000000 3093.090576 0.000000 0.911978 0.000000 -0.410240 0.863320 0.863320 0.863320
8869.105469 0.000000 3120.458252 0.000000 0.559019 0.000000 -0.829155 1.102636 1.102636 1.102636
8846.327148 0.000000 3094.884766 0.000000 0.374745 0.000000 -0.927128 1.146031 1.146031 1.146031
8866.893555 0.000000 3126.546387 0.000000 0.848146 0.000000 0.529763 0.679569 0.679569 0.679569
8852.040039 0.000000 3086.426514 0.000000 0.567977 0.000000 -0.823045 1.199682 1.199682 1.199682
8847.806641 0.000000 3090.384521 0.000000 0.941406 0.000000 0.337275 0.728542 0.728542 0.728542
8861.434570 0.000000 3120.739502 0.000000 0.640471 0.000000 -0.767982 0.976644 0.976644 0.976644
8850.672852 0.000000 3090.930908 0.000000 0.639175 0.000000 -0.769061 1.019040 1.019040 1.019040
8844.928711 0.000000 3096.468506 0.000000 0.991922 0.000000 -0.126848 0.826419 0.826419 0.826419
8848.699219 0.000000 3104.122314 0.000000 0.808208 0.000000 -0.588898 1.060333 1.060333 1.060333
8848.843750 0.000000 3100.153076 0.000000 0.285090 0.000000 0.958501 0.584972 0.584972 0.584972
8845.116211 0.000000 3101.855713 0.000000 0.963725 0.000000 0.266896 0.754134 0.754134 0.754134
8871.344727 0.000000 3121.238525 0.000000 0.210008 0.000000 0.977700 0.447093 0.447093 0.447093
8846.839844 0.000000 3099.238525 0.000000 0.905695 0.000000 -0.423929 0.907545 0.907545 0.907545
8868.463867 0.000000 3124.357422 0.000000 0.975425 0.000000 0.220334 0.757849 0.757849 0.757849
8852.603516 0.000000 3105.394531 0.000000 0.777842 0.000000 0.628460 0.673774 0.673774 0.673774
8846.735352 0.000000 3103.240723 0.000000 0.267156 0.000000 -0.963653 1.114252 1.114252 1.114252
8847.305664 0.000000 3107.097412 0.000000 0.931163 0.000000 -0.364604 0.884974 0.884974 0.884974
8858.536133 0.000000 3122.258789 0.000000 0.925139 0.000000 0.379628 0.684121 0.684121 0.684121
8845.612305 0.000000 3098.078369 0.000000 0.582908 0.000000 -0.812538 1.059528 1.059528 1.059528
8851.111328 0.000000 3087.906738 0.000000 0.579717 0.000000 0.814818 0.516572 0.516572 0.516572
8850.282227 0.000000 3107.735107 0.000000 0.943237 0.000000 0.332122 0.711422 0.711422 0.711422
8846.698242 0.000000 3190.018799 0.000000 0.489328 0.000000 0.872100 0.797884 0.797884 0.797884
8861.685547 0.000000 3178.440918 0.000000 0.914985 0.000000 0.403488 0.774285 0.774285 0.774285
8859.168945 0.000000 3142.096436 0.000000 0.744166 0.000000 -0.667995 0.817532 0.817532 0.817532
8849.289062 0.000000 3149.112061 0.000000 0.999191 0.000000 -0.040221 0.803294 0.803294 0.803294
8869.425781 0.000000 3138.517822 0.000000 0.252209 0.000000 -0.967673 0.934030 0.934030 0.934030
8851.482422 0.000000 3137.774658 0.000000 0.159116 0.000000 -0.987260 0.918360 0.918360 0.918360
8863.833984 0.000000 3132.588135 0.000000 0.484255 0.000000 -0.874927 0.831914 0.831914 0.831914
8856.560547 0.000000 3151.190430 0.000000 0.539659 0.000000 -0.841884 0.871956 0.871956 0.871956
8865.750977 0.000000 3145.624023 0.000000 0.928561 0.000000 0.371179 0.759746 0.759746 0.759746
8849.482422 0.000000 3127.820068 0.000000 0.813356 0.000000 0.581766 0.787599 0.787599 0.787599
8851.180664 0.000000 3163.812988 0.000000 0.173406 0.000000 0.984850 0.677277 0.677277 0.677277
8843.427734 0.000000 3155.091309 0.000000 0.970424 0.000000 0.241406 0.784417 0.784417 0.784417
8848.529297 0.000000 3183.578125 0.000000 0.890228 0.000000 0.455515 0.756549 0.756549 0.756549
8859.965820 0.000000 3165.146973 0.000000 0.788244 0.000000 -0.615363 0.829125 0.829125 0.829125
8843.480469 0.000000 3175.031006 0.000000 0.348837 0.000000 0.937183 0.712679 0.712679 0.712679
8863.790039 0.000000 3138.783691 0.000000 0.726356 0.000000 0.687318 0.616868 0.616868 0.616868
8861.495117 0.000000 3149.223145 0.000000 0.948605 0.000000 -0.316461 0.854021 0.854021 0.854021
8847.605469 0.000000 3143.830566 0.000000 0.072780 0.000000 -0.997348 0.844876 0.844876 0.844876
8869.330078 0.000000 3133.157715 0.000000 0.757738 0.000000 0.652559 0.764501 0.764501 0.764501
8870.654297 0.000000 3143.596436 0.000000 0.365980 0.000000 0.930623 0.716388 0.716388 0.716388
8863.262695 0.000000 3189.986816 0.000000 0.445735 0.000000 0.895165 0.731349 0.731349 0.731349
8845.203125 0.000000 3179.604736 0.000000 0.422565 0.000000 0.906332 0.759214 0.759214 0.759214
8859.708008 0.000000 3182.947021 0.000000 0.971891 0.000000 -0.235432 0.819936 0.819936 0.819936
8848.597656 0.000000 3133.911621 0.000000 0.100758 0.000000 -0.994911 0.867521 0.867521 0.867521
8854.251953 0.000000 3155.287842 0.000000 0.723593 0.000000 -0.690227 0.863903 0.863903 0.863903
8857.438477 0.000000 3146.659912 0.000000 0.863344 0.000000 -0.504616 0.844369 0.844369 0.844369
8855.322266 0.000000 3140.002930 0.000000 0.975669 0.000000 0.219249 0.770862 0.770862 0.770862
8847.392578 0.000000 3153.037598 0.000000 0.041377 0.000000 -0.999144 0.964948 0.964948 0.964948
8858.777344 0.000000 3172.090820 0.000000 0.847159 0.000000 -0.531340 0.873842 0.873842 0.873842
8848.054688 0.000000 3160.591797 0.000000 0.775517 0.000000 0.631326 0.724945 0.724945 0.724945
8852.593750 0.000000 3160.027832 0.000000 0.651769 0.000000 -0.758418 0.911760 0.911760 0.911760
8873.514648 0.000000 3138.364258 0.000000 0.656779 0.000000 0.754083 0.753934 0.753934 0.753934
8851.124023 0.000000 3180.755859 0.000000 0.999882 0.000000 0.015395 0.799200 0.799200 0.799200
8861.891602 0.000000 3145.316162 0.000000 0.866853 0.000000 -0.498564 0.831273 0.831273 0.831273
8866.353516 0.000000 3135.978516 0.000000 0.585057 0.000000 0.810992 0.654541 0.654541 0.654541
8853.313477 0.000000 3127.456299 0.000000 0.749211 0.000000 -0.662332 0.860726 0.860726 0.860726
8860.924805 0.000000 3186.475098 0.000000 0.983133 0.000000 -0.182890 0.815428 0.815428 0.815428
8859.362305 0.000000 3138.364014 0.000000 0.846307 0.000000 -0.532696 0.869565 0.869565 0.869565
8850.334961 0.000000 3189.951904 0.000000 0.291698 0.000000 0.956511 0.693065 0.693065 0.693065
8848.347656 0.000000 3187.000977 0.000000 0.811142 0.000000 0.584850 0.762570 0.762570 0.762570
8862.759766 0.000000 3142.032959 0.000000 0.332315 0.000000 -0.943168 0.984551 0.984551 0.984551
8871.543945 0.000000 3135.610352 0.000000 0.968562 0.000000 -0.248771 0.821089 0.821089 0.821089
8850.263672 0.000000 3145.816650 0.000000 0.708449 0.000000 0.705762 0.728018 0.728018 0.728018
8862.851562 0.000000 3181.834229 0.000000 0.362498 0.000000 -0.931985 0.886270 0.886270 0.886270
8856.256836 0.000000 3143.430176 0.000000 0.961238 0.000000 0.275721 0.758157 0.758157 0.758157
8871.689453 0.000000 3140.734375 0.000000 0.081448 0.000000 0.996678 0.550150 0.550150 0.550150
8850.582031 0.000000 3130.628174 0.000000 0.997802 0.000000 0.066267 0.794437 0.794437 0.794437
8864.109375 0.000000 3129.657959 0.000000 0.660022 0.000000 0.751247 0.606479 0.606479 0.606479
8866.726562 0.000000 3131.903564 0.000000 0.353302 0.000000 0.935509 0.568059 0.568059 0.568059
8854.228516 0.000000 3152.404785 0.000000 0.979504 0.000000 0.201424 0.765975 0.765975 0.765975
8863.598633 0.000000 3147.303223 0.000000 0.954336 0.000000 0.298736 0.752134 0.752134 0.752134
8860.019531 0.000000 3147.108398 0.000000 0.283379 0.000000 -0.959008 0.987129 0.987129 0.987129
8869.079102 0.000000 3127.302490 0.000000 0.123071 0.000000 0.992398 0.652568 0.652568 0.652568
8863.001953 0.000000 3160.788330 0.000000 0.101925 0.000000 -0.994792 0.958400 0.958400 0.958400
8869.296875 0.000000 3141.409180 0.000000 0.855098 0.000000 -0.518466 0.878380 0.878380 0.878380
8848.700195 0.000000 3162.971191 0.000000 0.597145 0.000000 0.802134 0.643832 0.643832 0.643832
8850.501953 0.000000 3185.881592 0.000000 0.997459 0.000000 0.071237 0.791456 0.791456 0.791456
8864.806641 0.000000 3143.367920 0.000000 0.841711 0.000000 -0.539929 0.868348 0.868348 0.868348
8850.419922 0.000000 3161.074951 0.000000 0.900333 0.000000 0.435201 0.740647 0.740647 0.740647
8861.024414 0.000000 3140.328857 0.000000 0.907307 0.000000 -0.420469 0.886673 0.886673 0.886673
8861.022461 0.000000 3172.408936 0.000000 0.166929 0.000000 0.985969 0.570212 0.570212 0.570212
8846.327148 0.000000 3162.869141 0.000000 0.013204 0.000000 -0.999913 0.999096 0.999096 0.999096
8857.729492 0.000000 3140.193604 0.000000 0.957217 0.000000 0.289370 0.751335 0.751335 0.751335
8845.415039 0.000000 3154.061279 0.000000 0.653445 0.000000 -0.756974 0.921763 0.921763 0.921763
8861.562500 0.000000 3138.022949 0.000000 0.707780 0.000000 -0.706433 0.942572 0.942572 0.942572
8865.853516 0.000000 3133.898438 0.000000 0.999995 0.000000 0.003203 0.799488 0.799488 0.799488
8855.905273 0.000000 3153.681152 0.000000 0.628979 0.000000 0.777422 0.650593 0.650593 0.650593
8864.499023 0.000000 3136.914062 0.000000 0.358041 0.000000 -0.933706 1.064652 1.064652 1.064652
8862.762695 0.000000 3140.199219 0.000000 0.933587 0.000000 -0.358350 0.892962 0.892962 0.892962
8846.698242 0.000000 3258.003174 0.000000 0.663696 0.000000 0.748002 0.786498 0.786498 0.786498
8859.168945 0.000000 3210.080811 0.000000 0.391827 0.000000 0.920039 0.751004 0.751004 0.751004
8855.110352 0.000000 3237.128174 0.000000 0.795498 0.000000 -0.605956 0.810401 0.810401 0.810401
8851.482422 0.000000 3205.759033 0.000000 0.976658 0.000000 0.214802 0.781840 0.781840 0.781840
8840.304688 0.000000 3256.438965 0.000000 0.997075 0.000000 0.076432 0.793430 0.793430 0.793430
8833.095703 0.000000 3236.483154 0.000000 0.993319 0.000000 0.115397 0.796073 0.796073 0.796073
8840.614258 0.000000 3205.872070 0.000000 0.378640 0.000000 0.925544 0.722065 0.722065 0.722065
8867.290039 0.000000 3236.361328 0.000000 0.770978 0.000000 0.636862 0.743464 0.743464 0.743464
8855.610352 0.000000 3231.841064 0.000000 0.705435 0.000000 -0.708775 0.864507 0.864507 0.864507
8861.395508 0.000000 3196.642334 0.000000 0.320707 0.000000 0.947178 0.683195 0.683195 0.683195
8851.102539 0.000000 3236.016602 0.000000 0.363471 0.000000 0.931606 0.735354 0.735354 0.735354
8841.899414 0.000000 3226.687988 0.000000 0.674825 0.000000 0.737978 0.753580 0.753580 0.753580
8858.881836 0.000000 3199.681885 0.000000 0.194464 0.000000 0.980910 0.717609 0.717609 0.717609
8836.725586 0.000000 3230.099121 0.000000 0.763954 0.000000 0.645271 0.762178 0.762178 0.762178
8839.591797 0.000000 3223.130859 0.000000 0.982412 0.000000 -0.186726 0.823259 0.823259 0.823259
8858.643555 0.000000 3236.423584 0.000000 0.598587 0.000000 -0.801058 0.863089 0.863089 0.863089
8843.288086 0.000000 3204.307373 0.000000 0.997435 0.000000 -0.071584 0.806010 0.806010 0.806010
8839.914062 0.000000 3227.891357 0.000000 0.739624 0.000000 -0.673020 0.895844 0.895844 0.895844
8847.117188 0.000000 3305.295410 0.000000 0.964769 0.000000 0.263098 0.794683 0.794683 0.794683
8828.509766 0.000000 3270.838867 0.000000 0.397756 0.000000 -0.917491 0.841764 0.841764 0.841764
8826.725586 0.000000 3277.904053 0.000000 0.826789 0.000000 0.562513 0.770170 0.770170 0.770170
8849.482422 0.000000 3263.788818 0.000000 0.416040 0.000000 -0.909346 0.845605 0.845605 0.845605
8851.180664 0.000000 3299.781738 0.000000 0.660286 0.000000 0.751014 0.757579 0.757579 0.757579
8851.102539 0.000000 3304.000977 0.000000 0.999797 0.000000 -0.020128 0.801327 0.801327 0.801327
8829.610352 0.000000 3274.788086 0.000000 0.911278 0.000000 -0.411792 0.855098 0.855098 0.855098
8824.111328 0.000000 3281.259521 0.000000 0.776628 0.000000 -0.629960 0.853084 0.853084 0.853084
"}
