object={
	name="tree_leaf_01_single_generator_1_0"
	clamp_to_water_level=no
	render_under_water=no
	generated_content=yes
	layer="tree_high_layer"
	pdxmesh="tree_leaf_01_single_a_mesh"
	count=314
	transform="3132.386719 0.000000 549.696533 0.000000 0.475605 0.000000 -0.879659 0.703758 0.703758 0.703758
3140.013916 0.000000 554.368530 0.000000 0.580224 0.000000 -0.814457 0.704990 0.704990 0.704990
3141.810547 0.000000 560.988342 0.000000 0.538071 0.000000 -0.842900 0.708761 0.708761 0.708761
3134.384277 0.000000 554.983337 0.000000 0.347980 0.000000 0.937502 0.680884 0.680884 0.680884
3136.136963 0.000000 560.424316 0.000000 0.996681 0.000000 0.081406 0.698718 0.698718 0.698718
2767.309326 0.000000 912.367432 0.000000 0.804638 0.000000 -0.593765 0.706666 0.706666 0.706666
2771.524170 0.000000 926.552612 0.000000 0.437692 0.000000 -0.899125 0.713674 0.713674 0.713674
2761.074707 0.000000 909.849060 0.000000 0.998185 0.000000 0.060229 0.699473 0.699473 0.699473
2764.826172 0.000000 909.475098 0.000000 0.271825 0.000000 -0.962347 0.756600 0.756600 0.756600
2771.644287 0.000000 922.847229 0.000000 0.655693 0.000000 0.755028 0.662615 0.662615 0.662615
2772.116699 0.000000 948.421692 0.000000 0.891025 0.000000 -0.453954 0.716469 0.716469 0.716469
2790.195557 0.000000 908.463989 0.000000 0.170302 0.000000 0.985392 0.653526 0.653526 0.653526
2784.990723 0.000000 934.928894 0.000000 0.217860 0.000000 -0.975980 0.761394 0.761394 0.761394
2802.390137 0.000000 913.517883 0.000000 0.955056 0.000000 0.296427 0.686326 0.686326 0.686326
2801.091797 0.000000 940.093750 0.000000 0.466644 0.000000 0.884445 0.654480 0.654480 0.654480
2805.088623 0.000000 949.181335 0.000000 0.730745 0.000000 0.682651 0.677677 0.677677 0.677677
2808.755615 0.000000 931.981201 0.000000 0.230791 0.000000 -0.973003 0.716367 0.716367 0.716367
2785.657959 0.000000 925.014465 0.000000 0.626053 0.000000 -0.779781 0.728132 0.728132 0.728132
2782.382812 0.000000 929.987732 0.000000 0.578597 0.000000 -0.815614 0.735003 0.735003 0.735003
2787.959961 0.000000 939.882812 0.000000 0.127100 0.000000 0.991890 0.679821 0.679821 0.679821
2781.881592 0.000000 908.415283 0.000000 0.471729 0.000000 -0.881744 0.724526 0.724526 0.724526
2796.618408 0.000000 941.851501 0.000000 0.931491 0.000000 -0.363766 0.711711 0.711711 0.711711
2775.761475 0.000000 946.116211 0.000000 0.735799 0.000000 0.677200 0.668797 0.668797 0.668797
2788.170410 0.000000 905.036987 0.000000 0.268106 0.000000 -0.963389 0.743144 0.743144 0.743144
2800.910400 0.000000 943.516602 0.000000 0.167719 0.000000 0.985835 0.621581 0.621581 0.621581
2782.620117 0.000000 926.427002 0.000000 0.527838 0.000000 0.849345 0.653893 0.653893 0.653893
2781.536377 0.000000 911.334778 0.000000 0.445094 0.000000 -0.895484 0.750413 0.750413 0.750413
2771.991455 0.000000 925.584656 0.000000 0.133723 0.000000 -0.991019 0.757746 0.757746 0.757746
2798.393799 0.000000 943.794250 0.000000 0.940545 0.000000 0.339670 0.684253 0.684253 0.684253
2803.064209 0.000000 942.397156 0.000000 0.473617 0.000000 -0.880731 0.754603 0.754603 0.754603
2804.985352 0.000000 945.938599 0.000000 0.657150 0.000000 -0.753760 0.756697 0.756697 0.756697
2803.293213 0.000000 944.454773 0.000000 0.996137 0.000000 -0.087818 0.707222 0.707222 0.707222
2832.897217 0.000000 1004.534790 0.000000 0.383581 0.000000 -0.923507 0.751428 0.751428 0.751428
2790.195557 0.000000 976.448364 0.000000 0.436575 0.000000 -0.899668 0.744978 0.744978 0.744978
2811.731201 0.000000 966.596436 0.000000 0.524253 0.000000 0.851563 0.632333 0.632333 0.632333
2822.500000 0.000000 1015.282166 0.000000 0.912541 0.000000 0.408985 0.694846 0.694846 0.694846
2796.718750 0.000000 986.581055 0.000000 0.039583 0.000000 0.999216 0.641130 0.641130 0.641130
2818.224609 0.000000 977.459961 0.000000 0.972782 0.000000 0.231723 0.698774 0.698774 0.698774
2807.673340 0.000000 993.643738 0.000000 0.645605 0.000000 -0.763671 0.710630 0.710630 0.710630
2794.915283 0.000000 967.572693 0.000000 0.090325 0.000000 0.995912 0.653433 0.653433 0.653433
2809.123535 0.000000 975.690430 0.000000 0.403916 0.000000 -0.914796 0.718166 0.718166 0.718166
2818.313721 0.000000 970.123901 0.000000 0.844096 0.000000 0.536192 0.695055 0.695055 0.695055
2781.072510 0.000000 959.370178 0.000000 0.517709 0.000000 -0.855556 0.746647 0.746647 0.746647
2779.288574 0.000000 966.435181 0.000000 0.547362 0.000000 0.836896 0.691336 0.691336 0.691336
2784.515869 0.000000 971.546692 0.000000 0.621004 0.000000 -0.783807 0.715742 0.715742 0.715742
2805.841797 0.000000 968.894592 0.000000 0.965563 0.000000 -0.260168 0.704140 0.704140 0.704140
2808.755615 0.000000 999.965576 0.000000 0.999729 0.000000 -0.023277 0.700407 0.700407 0.700407
2824.459961 0.000000 989.638977 0.000000 0.866964 0.000000 0.498370 0.677206 0.677206 0.677206
2836.162109 0.000000 1009.493896 0.000000 0.428344 0.000000 -0.903616 0.721687 0.721687 0.721687
2815.652100 0.000000 982.774780 0.000000 0.872514 0.000000 -0.488588 0.722302 0.722302 0.722302
2798.415527 0.000000 962.889587 0.000000 0.862370 0.000000 0.506278 0.689795 0.689795 0.689795
2814.057617 0.000000 973.723145 0.000000 0.020028 0.000000 -0.999799 0.765042 0.765042 0.765042
2819.852295 0.000000 992.877014 0.000000 0.115541 0.000000 0.993303 0.677115 0.677115 0.677115
2812.745605 0.000000 978.848877 0.000000 0.780908 0.000000 0.624646 0.689388 0.689388 0.689388
2810.001221 0.000000 971.159851 0.000000 0.481551 0.000000 0.876418 0.675728 0.675728 0.675728
2818.564453 0.000000 1005.263062 0.000000 0.575406 0.000000 0.817868 0.611296 0.611296 0.611296
2807.885010 0.000000 964.502991 0.000000 0.735579 0.000000 0.677439 0.684392 0.684392 0.684392
2799.600830 0.000000 989.620483 0.000000 0.497725 0.000000 -0.867335 0.738528 0.738528 0.738528
2800.617188 0.000000 985.091736 0.000000 0.090298 0.000000 -0.995915 0.746567 0.746567 0.746567
2783.336670 0.000000 967.315247 0.000000 0.461643 0.000000 0.887066 0.656150 0.656150 0.656150
2818.967773 0.000000 996.951355 0.000000 0.951974 0.000000 0.306178 0.686405 0.686405 0.686405
2805.847168 0.000000 972.971008 0.000000 0.968175 0.000000 0.250276 0.689832 0.689832 0.689832
2773.000244 0.000000 951.823608 0.000000 0.583210 0.000000 0.812321 0.681774 0.681774 0.681774
2788.170410 0.000000 973.021362 0.000000 0.750333 0.000000 0.661060 0.684854 0.684854 0.684854
2817.878906 0.000000 973.795776 0.000000 0.660945 0.000000 0.750435 0.664403 0.664403 0.664403
2833.809082 0.000000 991.365540 0.000000 0.985268 0.000000 0.171018 0.693993 0.693993 0.693993
2819.085205 0.000000 1016.568359 0.000000 0.664162 0.000000 0.747588 0.617361 0.617361 0.617361
2831.629150 0.000000 995.604065 0.000000 0.982967 0.000000 0.183781 0.692894 0.692894 0.692894
2827.804932 0.000000 988.872192 0.000000 0.110502 0.000000 0.993876 0.646417 0.646417 0.646417
2812.341553 0.000000 982.195251 0.000000 0.635241 0.000000 -0.772314 0.724675 0.724675 0.724675
2806.997803 0.000000 997.167114 0.000000 0.338920 0.000000 0.940815 0.644338 0.644338 0.644338
2808.819336 0.000000 967.930115 0.000000 0.749678 0.000000 0.661803 0.635542 0.635542 0.635542
2797.794678 0.000000 966.141235 0.000000 0.814969 0.000000 0.579505 0.672995 0.672995 0.672995
2820.548340 0.000000 1007.699158 0.000000 0.987818 0.000000 0.155616 0.658222 0.658222 0.658222
2795.329346 0.000000 964.459717 0.000000 0.423766 0.000000 0.905772 0.650491 0.650491 0.650491
2834.094482 0.000000 1007.526123 0.000000 0.722452 0.000000 -0.691422 0.734689 0.734689 0.734689
2807.492188 0.000000 970.890076 0.000000 0.689653 0.000000 0.724140 0.641978 0.641978 0.641978
2822.862793 0.000000 1008.592957 0.000000 0.453174 0.000000 -0.891422 0.755772 0.755772 0.755772
2819.094482 0.000000 1009.724731 0.000000 0.442483 0.000000 -0.896777 0.803035 0.803035 0.803035
2821.009033 0.000000 1005.463745 0.000000 0.219003 0.000000 0.975724 0.480590 0.480590 0.480590
2823.352783 0.000000 1017.287231 0.000000 0.999852 0.000000 0.017175 0.697088 0.697088 0.697088
2823.359863 0.000000 1019.315125 0.000000 0.458583 0.000000 0.888652 0.520220 0.520220 0.520220
2819.596924 0.000000 1006.453186 0.000000 0.799887 0.000000 -0.600150 0.814740 0.814740 0.814740
2822.004883 0.000000 1007.278137 0.000000 0.960135 0.000000 0.279536 0.663362 0.663362 0.663362
2821.374268 0.000000 1008.995483 0.000000 0.536349 0.000000 -0.843996 0.840463 0.840463 0.840463
2821.451660 0.000000 1004.112610 0.000000 0.690877 0.000000 0.722973 0.568664 0.568664 0.568664
2820.643799 0.000000 1019.240601 0.000000 0.166839 0.000000 0.985984 0.334628 0.334628 0.334628
2821.000488 0.000000 1006.642456 0.000000 0.852286 0.000000 -0.523077 0.847181 0.847181 0.847181
2821.879395 0.000000 1017.568481 0.000000 0.044752 0.000000 -0.998998 1.108030 1.108030 1.108030
2823.116699 0.000000 1019.792725 0.000000 0.403932 0.000000 0.914789 0.510267 0.510267 0.510267
4736.909180 0.000000 1629.025024 0.000000 0.574457 0.000000 0.818534 0.678216 0.678216 0.678216
4722.016113 0.000000 1656.292114 0.000000 0.772005 0.000000 0.635617 0.683147 0.683147 0.683147
4728.539062 0.000000 1666.424805 0.000000 0.733227 0.000000 -0.679984 0.722215 0.722215 0.722215
4737.497559 0.000000 1636.498291 0.000000 0.922159 0.000000 0.386811 0.693753 0.693753 0.693753
4726.516602 0.000000 1673.288330 0.000000 0.557169 0.000000 0.830399 0.655480 0.655480 0.655480
4732.980469 0.000000 1638.255371 0.000000 0.487476 0.000000 -0.873136 0.735249 0.735249 0.735249
4734.828613 0.000000 1645.703003 0.000000 0.050561 0.000000 0.998721 0.630926 0.630926 0.630926
4729.937012 0.000000 1662.363281 0.000000 0.406856 0.000000 0.913492 0.655717 0.655717 0.655717
4728.374023 0.000000 1675.920044 0.000000 0.293478 0.000000 -0.955966 0.757838 0.757838 0.757838
4740.639648 0.000000 1647.773926 0.000000 0.347307 0.000000 -0.937751 0.755256 0.755256 0.755256
4735.960449 0.000000 1639.093628 0.000000 0.999125 0.000000 -0.041827 0.701901 0.701901 0.701901
4731.549805 0.000000 1660.109863 0.000000 0.088290 0.000000 -0.996095 0.767356 0.767356 0.767356
4737.705078 0.000000 1646.034180 0.000000 0.487111 0.000000 0.873340 0.651745 0.651745 0.651745
4743.841797 0.000000 1648.974731 0.000000 0.969909 0.000000 -0.243469 0.711175 0.711175 0.711175
4730.709961 0.000000 1667.212891 0.000000 0.612046 0.000000 0.790822 0.645802 0.645802 0.645802
4730.228516 0.000000 1664.598999 0.000000 0.932081 0.000000 -0.362250 0.732390 0.732390 0.732390
4722.016113 0.000000 1724.276489 0.000000 0.179912 0.000000 0.983683 0.695142 0.695142 0.695142
4727.810059 0.000000 1727.419556 0.000000 0.976901 0.000000 -0.213694 0.709032 0.709032 0.709032
4732.912109 0.000000 1755.906250 0.000000 0.524939 0.000000 -0.851140 0.746262 0.746262 0.746262
4727.180176 0.000000 1721.323608 0.000000 0.057700 0.000000 0.998334 0.652404 0.652404 0.652404
4722.095703 0.000000 1713.177490 0.000000 0.176096 0.000000 0.984373 0.636671 0.636671 0.636671
4725.499512 0.000000 1724.362183 0.000000 0.330222 0.000000 -0.943903 0.736668 0.736668 0.736668
4718.468750 0.000000 1715.799927 0.000000 0.626884 0.000000 -0.779112 0.728098 0.728098 0.728098
4723.722168 0.000000 1757.457764 0.000000 0.233764 0.000000 -0.972293 0.746655 0.746655 0.746655
4736.397949 0.000000 1756.185669 0.000000 0.854017 0.000000 0.520245 0.682789 0.682789 0.682789
4722.143555 0.000000 1754.047241 0.000000 0.333329 0.000000 -0.942811 0.751629 0.751629 0.751629
4734.210449 0.000000 1797.314697 0.000000 0.393275 0.000000 -0.919421 0.789705 0.789705 0.789705
4738.635254 0.000000 1795.600342 0.000000 0.918359 0.000000 -0.395748 0.718488 0.718488 0.718488
4734.131836 0.000000 1794.597534 0.000000 0.976028 0.000000 0.217646 0.690414 0.690414 0.690414
4738.611328 0.000000 1792.717407 0.000000 0.705850 0.000000 -0.708362 0.735767 0.735767 0.735767
4736.757812 0.000000 1797.286011 0.000000 0.455216 0.000000 0.890381 0.634748 0.634748 0.634748
4736.422852 0.000000 1794.723389 0.000000 0.720628 0.000000 -0.693322 0.757569 0.757569 0.757569
4839.957031 0.000000 1972.705200 0.000000 0.164959 0.000000 0.986300 0.695089 0.695089 0.695089
4858.395020 0.000000 1975.392578 0.000000 0.826555 0.000000 -0.562856 0.717761 0.717761 0.717761
4850.408203 0.000000 1972.367065 0.000000 0.006473 0.000000 -0.999979 0.823020 0.823020 0.823020
4852.732910 0.000000 1975.183838 0.000000 0.705132 0.000000 0.709076 0.622864 0.622864 0.622864
4924.264648 0.000000 2009.404541 0.000000 0.318014 0.000000 0.948086 0.623717 0.623717 0.623717
4919.912109 0.000000 2020.503174 0.000000 0.988407 0.000000 0.151825 0.695206 0.695206 0.695206
4918.369141 0.000000 2025.028687 0.000000 0.999121 0.000000 -0.041922 0.700586 0.700586 0.700586
4939.191895 0.000000 2016.857056 0.000000 0.986097 0.000000 -0.166172 0.707586 0.707586 0.707586
4927.609375 0.000000 2008.637817 0.000000 0.922913 0.000000 0.385009 0.686877 0.686877 0.686877
4961.046387 0.000000 2029.731567 0.000000 0.993875 0.000000 -0.110506 0.702129 0.702129 0.702129
4988.997070 0.000000 2031.466797 0.000000 0.969417 0.000000 -0.245418 0.706500 0.706500 0.706500
4972.829102 0.000000 2031.322144 0.000000 0.759859 0.000000 -0.650087 0.718551 0.718551 0.718551
4975.698730 0.000000 2029.395264 0.000000 0.437923 0.000000 0.899013 0.651176 0.651176 0.651176
4963.285645 0.000000 2026.816284 0.000000 0.996455 0.000000 0.084129 0.696762 0.696762 0.696762
4958.808594 0.000000 2031.376953 0.000000 0.873142 0.000000 -0.487466 0.723136 0.723136 0.723136
4956.710449 0.000000 2033.727051 0.000000 0.422427 0.000000 0.906397 0.648444 0.648444 0.648444
4934.565918 0.000000 2047.971558 0.000000 0.610111 0.000000 -0.792316 0.704795 0.704795 0.704795
4955.321289 0.000000 2082.287109 0.000000 0.670905 0.000000 -0.741543 0.716059 0.716059 0.716059
4927.704102 0.000000 2047.044922 0.000000 0.568598 0.000000 -0.822616 0.720258 0.720258 0.720258
4899.972656 0.000000 2056.080566 0.000000 0.563708 0.000000 -0.825974 0.716985 0.716985 0.716985
4939.994629 0.000000 2046.677002 0.000000 0.999003 0.000000 -0.044643 0.701795 0.701795 0.701795
4931.952637 0.000000 2044.460693 0.000000 0.865832 0.000000 0.500335 0.688096 0.688096 0.688096
4936.730469 0.000000 2045.342896 0.000000 0.921879 0.000000 0.387478 0.684702 0.684702 0.684702
4929.284668 0.000000 2044.966431 0.000000 0.942175 0.000000 0.335120 0.684473 0.684473 0.684473
4957.074219 0.000000 2073.791992 0.000000 0.526475 0.000000 0.850191 0.698224 0.698224 0.698224
4987.842285 0.000000 2050.024658 0.000000 0.999024 0.000000 -0.044169 0.700463 0.700463 0.700463
4976.663574 0.000000 2100.704590 0.000000 0.999030 0.000000 -0.044045 0.700924 0.700924 0.700924
4989.638672 0.000000 2056.644531 0.000000 0.993190 0.000000 0.116509 0.694694 0.694694 0.694694
4982.212402 0.000000 2050.639648 0.000000 0.666233 0.000000 0.745744 0.683821 0.683821 0.683821
4989.474121 0.000000 2044.404541 0.000000 0.999232 0.000000 0.039187 0.697739 0.697739 0.697739
4960.999512 0.000000 2072.693848 0.000000 0.819547 0.000000 -0.573012 0.714929 0.714929 0.714929
4976.456543 0.000000 2044.850220 0.000000 0.950483 0.000000 0.310778 0.687850 0.687850 0.687850
4975.695801 0.000000 2104.342285 0.000000 0.130848 0.000000 -0.991402 0.740252 0.740252 0.740252
4979.856445 0.000000 2100.671631 0.000000 0.996895 0.000000 0.078748 0.696418 0.696418 0.696418
4986.941895 0.000000 2042.878174 0.000000 0.037608 0.000000 0.999293 0.635695 0.635695 0.635695
4959.354492 0.000000 2075.773682 0.000000 0.689780 0.000000 -0.724019 0.736786 0.736786 0.736786
4989.681641 0.000000 2053.940430 0.000000 0.691049 0.000000 -0.722808 0.736707 0.736707 0.736707
4982.190430 0.000000 2099.528564 0.000000 0.885669 0.000000 -0.464318 0.721940 0.721940 0.721940
3187.270264 0.000000 2204.070557 0.000000 0.248571 0.000000 0.968614 0.695388 0.695388 0.695388
3189.273438 0.000000 2211.681152 0.000000 0.435196 0.000000 -0.900336 0.717624 0.717624 0.717624
3182.578857 0.000000 2249.803223 0.000000 0.102622 0.000000 -0.994720 0.748743 0.748743 0.748743
3183.904541 0.000000 2253.993896 0.000000 0.998766 0.000000 -0.049658 0.701042 0.701042 0.701042
3181.609619 0.000000 2247.203125 0.000000 0.037130 0.000000 -0.999310 0.764325 0.764325 0.764325
3234.208740 0.000000 2226.659668 0.000000 0.479076 0.000000 0.877773 0.628864 0.628864 0.628864
3230.395020 0.000000 2236.857422 0.000000 0.983653 0.000000 -0.180075 0.701266 0.701266 0.701266
3196.813477 0.000000 2201.502441 0.000000 0.737145 0.000000 -0.675735 0.729823 0.729823 0.729823
3195.665771 0.000000 2241.914307 0.000000 0.551321 0.000000 0.834293 0.665508 0.665508 0.665508
3245.916748 0.000000 2237.348633 0.000000 0.608953 0.000000 -0.793206 0.749627 0.749627 0.749627
3233.447754 0.000000 2234.693848 0.000000 0.995312 0.000000 -0.096720 0.703047 0.703047 0.703047
3236.994873 0.000000 2225.056396 0.000000 0.406151 0.000000 0.913806 0.635546 0.635546 0.635546
3236.398193 0.000000 2227.800781 0.000000 0.546976 0.000000 -0.837149 0.760679 0.760679 0.760679
3243.867676 0.000000 2237.441650 0.000000 0.704449 0.000000 -0.709755 0.759302 0.759302 0.759302
3253.656006 0.000000 2237.664795 0.000000 0.969611 0.000000 -0.244651 0.725916 0.725916 0.725916
3262.054199 0.000000 2301.069336 0.000000 0.982461 0.000000 -0.186470 0.701639 0.701639 0.701639
3254.761230 0.000000 2267.517578 0.000000 0.220983 0.000000 -0.975278 0.744758 0.744758 0.744758
3271.931396 0.000000 2305.136719 0.000000 0.989887 0.000000 0.141859 0.694279 0.694279 0.694279
3252.165771 0.000000 2263.896484 0.000000 0.778511 0.000000 -0.627631 0.735572 0.735572 0.735572
3273.991943 0.000000 2307.597900 0.000000 0.385744 0.000000 0.922606 0.599401 0.599401 0.599401
3264.693604 0.000000 2302.407959 0.000000 0.988447 0.000000 0.151564 0.692821 0.692821 0.692821
3252.109131 0.000000 2267.456299 0.000000 0.270173 0.000000 -0.962812 0.777078 0.777078 0.777078
3274.291504 0.000000 2304.420166 0.000000 0.574649 0.000000 0.818400 0.587757 0.587757 0.587757
3253.403809 0.000000 2265.828613 0.000000 0.582057 0.000000 -0.813148 0.801224 0.801224 0.801224
3253.956787 0.000000 2264.168701 0.000000 0.329781 0.000000 0.944057 0.568375 0.568375 0.568375
5279.743652 0.000000 2291.499023 0.000000 0.975692 0.000000 -0.219147 0.759075 0.759075 0.759075
5290.992676 0.000000 2292.763672 0.000000 0.026663 0.000000 -0.999644 0.786352 0.786352 0.786352
5279.557617 0.000000 2273.235596 0.000000 0.989044 0.000000 -0.147620 0.704661 0.704661 0.704661
5274.363770 0.000000 2278.092285 0.000000 0.804675 0.000000 -0.593716 0.765542 0.765542 0.765542
5279.829590 0.000000 2288.536865 0.000000 0.302036 0.000000 -0.953297 0.861249 0.861249 0.861249
5276.364258 0.000000 2291.338135 0.000000 0.771902 0.000000 -0.635741 0.726489 0.726489 0.726489
5278.040039 0.000000 2274.919189 0.000000 0.940436 0.000000 -0.339971 0.740010 0.740010 0.740010
5276.130371 0.000000 2276.493652 0.000000 0.568876 0.000000 -0.822423 0.811379 0.811379 0.811379
5276.516602 0.000000 2278.644287 0.000000 0.638389 0.000000 -0.769714 0.799779 0.799779 0.799779
5285.180176 0.000000 2292.166992 0.000000 0.241554 0.000000 -0.970387 1.043174 1.043174 1.043174
5290.159180 0.000000 2291.037598 0.000000 0.138900 0.000000 -0.990306 0.862602 0.862602 0.862602
5279.028320 0.000000 2289.972656 0.000000 0.808031 0.000000 0.589140 0.619629 0.619629 0.619629
5284.862305 0.000000 2293.754150 0.000000 0.119100 0.000000 -0.992882 1.075397 1.075397 1.075397
5280.943359 0.000000 2290.494873 0.000000 0.013948 0.000000 0.999903 0.389838 0.389838 0.389838
5278.678711 0.000000 2291.048584 0.000000 0.947700 0.000000 -0.319163 0.786858 0.786858 0.786858
5291.597168 0.000000 2291.652832 0.000000 0.818905 0.000000 0.573929 0.630561 0.630561 0.630561
5283.336426 0.000000 2418.617920 0.000000 0.857080 0.000000 -0.515184 0.710404 0.710404 0.710404
5232.492188 0.000000 2414.252930 0.000000 0.726129 0.000000 0.687558 0.688076 0.688076 0.688076
5248.043945 0.000000 2435.118896 0.000000 0.776312 0.000000 0.630349 0.669012 0.669012 0.669012
5264.972656 0.000000 2408.975586 0.000000 0.997428 0.000000 -0.071671 0.701880 0.701880 0.701880
5246.335938 0.000000 2431.721924 0.000000 0.773871 0.000000 -0.633344 0.727568 0.727568 0.727568
5283.135254 0.000000 2408.807861 0.000000 0.661415 0.000000 0.750020 0.662947 0.662947 0.662947
5231.425781 0.000000 2417.699463 0.000000 0.894460 0.000000 -0.447148 0.721063 0.721063 0.721063
5236.683594 0.000000 2439.172852 0.000000 0.885708 0.000000 0.464242 0.685657 0.685657 0.685657
5228.218750 0.000000 2428.815674 0.000000 0.968088 0.000000 0.250609 0.680079 0.680079 0.680079
5230.248535 0.000000 2428.543213 0.000000 0.624019 0.000000 -0.781409 0.764265 0.764265 0.764265
5319.026367 0.000000 2442.190674 0.000000 0.990485 0.000000 -0.137624 0.705549 0.705549 0.705549
5296.179688 0.000000 2429.553467 0.000000 0.989779 0.000000 0.142611 0.693748 0.693748 0.693748
5305.208496 0.000000 2440.559570 0.000000 0.999935 0.000000 0.011371 0.699762 0.699762 0.699762
5312.736816 0.000000 2447.410645 0.000000 0.236185 0.000000 0.971708 0.667402 0.667402 0.667402
5320.857422 0.000000 2435.750000 0.000000 0.038072 0.000000 -0.999275 0.766964 0.766964 0.766964
5359.955566 0.000000 2386.598877 0.000000 0.383560 0.000000 -0.923516 0.780229 0.780229 0.780229
5292.104492 0.000000 2439.137451 0.000000 0.003433 0.000000 -0.999994 0.732869 0.732869 0.732869
5315.534668 0.000000 2444.416504 0.000000 0.836394 0.000000 0.548129 0.674655 0.674655 0.674655
5356.691406 0.000000 2385.264893 0.000000 0.027716 0.000000 -0.999616 0.743146 0.743146 0.743146
5299.254395 0.000000 2434.722656 0.000000 0.903400 0.000000 0.428800 0.686060 0.686060 0.686060
5294.536133 0.000000 2426.574463 0.000000 0.979568 0.000000 0.201114 0.693276 0.693276 0.693276
5346.820312 0.000000 2379.773926 0.000000 0.791877 0.000000 -0.610680 0.732145 0.732145 0.732145
5371.671875 0.000000 2380.001221 0.000000 0.985296 0.000000 -0.170858 0.727006 0.727006 0.727006
5347.893555 0.000000 2380.803467 0.000000 0.785847 0.000000 -0.618421 0.813021 0.813021 0.813021
5370.673340 0.000000 2380.991211 0.000000 0.540009 0.000000 -0.841659 0.857337 0.857337 0.857337
5346.616699 0.000000 2381.085205 0.000000 0.481110 0.000000 -0.876661 0.881191 0.881191 0.881191
5258.273438 0.000000 2510.938477 0.000000 0.992022 0.000000 0.126064 0.690722 0.690722 0.690722
5287.743652 0.000000 2509.089844 0.000000 0.671637 0.000000 -0.740880 0.713123 0.713123 0.713123
5277.101074 0.000000 2484.658936 0.000000 0.706916 0.000000 0.707298 0.680778 0.680778 0.680778
5284.688965 0.000000 2510.996582 0.000000 0.977522 0.000000 0.210833 0.694060 0.694060 0.694060
5256.250488 0.000000 2471.370361 0.000000 0.045052 0.000000 0.998985 0.641340 0.641340 0.641340
5269.690918 0.000000 2489.701416 0.000000 0.379110 0.000000 0.925352 0.576065 0.576065 0.576065
5275.375000 0.000000 2486.016846 0.000000 0.259316 0.000000 -0.965793 0.821194 0.821194 0.821194
5259.125977 0.000000 2512.943359 0.000000 0.803302 0.000000 -0.595572 0.747941 0.747941 0.747941
5271.624023 0.000000 2487.634033 0.000000 0.499512 0.000000 0.866307 0.602954 0.602954 0.602954
5256.800293 0.000000 2512.498047 0.000000 0.619372 0.000000 -0.785097 0.771002 0.771002 0.771002
5273.544434 0.000000 2487.976562 0.000000 0.918005 0.000000 -0.396569 0.747746 0.747746 0.747746
5270.971191 0.000000 2488.939697 0.000000 0.296146 0.000000 0.955143 0.342632 0.342632 0.342632
5296.512695 0.000000 2448.772705 0.000000 0.030275 0.000000 0.999542 0.654233 0.654233 0.654233
5296.668945 0.000000 2453.102295 0.000000 0.790322 0.000000 -0.612692 0.728812 0.728812 0.728812
5297.800781 0.000000 2450.922607 0.000000 0.904776 0.000000 -0.425888 0.728447 0.728447 0.728447
5259.917969 0.000000 2516.580322 0.000000 0.660344 0.000000 0.750963 0.689608 0.689608 0.689608
5281.157715 0.000000 2516.401123 0.000000 0.299360 0.000000 -0.954140 0.761986 0.761986 0.761986
5255.288574 0.000000 2517.091064 0.000000 0.124320 0.000000 -0.992242 0.745491 0.745491 0.745491
5257.415527 0.000000 2515.443115 0.000000 0.181642 0.000000 -0.983365 0.775203 0.775203 0.775203
5299.054199 0.000000 2530.075928 0.000000 0.191485 0.000000 -0.981495 0.728901 0.728901 0.728901
5300.401855 0.000000 2533.844482 0.000000 0.800005 0.000000 0.599993 0.676384 0.676384 0.676384
5336.018066 0.000000 2554.916016 0.000000 0.879807 0.000000 0.475331 0.670568 0.670568 0.670568
5351.763672 0.000000 2581.650879 0.000000 0.999549 0.000000 -0.030023 0.701050 0.701050 0.701050
5361.254883 0.000000 2565.916992 0.000000 0.037949 0.000000 0.999280 0.635710 0.635710 0.635710
5341.240723 0.000000 2534.510254 0.000000 0.352309 0.000000 0.935884 0.659798 0.659798 0.659798
5360.356445 0.000000 2563.275635 0.000000 0.683980 0.000000 -0.729501 0.732863 0.732863 0.732863
5300.053223 0.000000 2525.443604 0.000000 0.998229 0.000000 0.059490 0.696775 0.696775 0.696775
5345.081543 0.000000 2533.144531 0.000000 0.926096 0.000000 -0.377287 0.723663 0.723663 0.723663
5300.815918 0.000000 2531.559570 0.000000 0.176271 0.000000 0.984342 0.592841 0.592841 0.592841
5358.643066 0.000000 2563.031250 0.000000 0.889720 0.000000 0.456507 0.649463 0.649463 0.649463
5338.000000 0.000000 2555.816895 0.000000 0.964105 0.000000 -0.265523 0.728649 0.728649 0.728649
5368.663086 0.000000 2603.716553 0.000000 0.347624 0.000000 0.937634 0.640510 0.640510 0.640510
5366.704102 0.000000 2598.506104 0.000000 0.161048 0.000000 -0.986947 0.724624 0.724624 0.724624
5362.102539 0.000000 2598.612793 0.000000 0.778852 0.000000 0.627208 0.646684 0.646684 0.646684
5365.543457 0.000000 2601.852295 0.000000 0.994024 0.000000 0.109160 0.696559 0.696559 0.696559
5368.541504 0.000000 2600.767578 0.000000 0.800755 0.000000 0.598991 0.671941 0.671941 0.671941
5364.489258 0.000000 2599.605225 0.000000 0.102751 0.000000 0.994707 0.615348 0.615348 0.615348
8678.713867 0.000000 2034.284424 0.000000 0.713412 0.000000 -0.700745 0.701357 0.701357 0.701357
8670.160156 0.000000 2016.077393 0.000000 0.013120 0.000000 -0.999914 0.702722 0.702722 0.702722
8701.953125 0.000000 2035.047852 0.000000 0.005036 0.000000 -0.999987 0.705473 0.705473 0.705473
8681.375000 0.000000 2021.414429 0.000000 0.210223 0.000000 -0.977654 0.704750 0.704750 0.704750
8664.712891 0.000000 2006.414429 0.000000 0.156541 0.000000 -0.987671 0.704941 0.704941 0.704941
8689.886719 0.000000 2032.904419 0.000000 0.094500 0.000000 -0.995525 0.705159 0.705159 0.705159
8696.544922 0.000000 2039.477539 0.000000 0.868354 0.000000 -0.495946 0.706348 0.706348 0.706348
8585.656250 0.000000 2064.198242 0.000000 0.215930 0.000000 -0.976409 0.709459 0.709459 0.709459
8597.312500 0.000000 2061.362061 0.000000 0.177119 0.000000 0.984190 0.695132 0.695132 0.695132
8605.894531 0.000000 2100.888672 0.000000 0.999941 0.000000 0.010852 0.699962 0.699962 0.699962
8617.449219 0.000000 2050.767822 0.000000 0.219788 0.000000 -0.975548 0.704716 0.704716 0.704716
8603.133789 0.000000 2081.393799 0.000000 0.552954 0.000000 -0.833212 0.703442 0.703442 0.703442
8703.597656 0.000000 2040.689575 0.000000 0.669956 0.000000 0.742401 0.697076 0.697076 0.697076
8708.254883 0.000000 2072.958008 0.000000 0.797648 0.000000 0.603124 0.697737 0.697737 0.697737
8706.909180 0.000000 2059.022461 0.000000 0.681245 0.000000 -0.732055 0.702871 0.702871 0.702871
8688.927734 0.000000 2040.473389 0.000000 0.972942 0.000000 -0.231051 0.701222 0.701222 0.701222
8681.375000 0.000000 2089.398682 0.000000 0.006163 0.000000 -0.999981 0.705469 0.705469 0.705469
8719.440430 0.000000 2070.326660 0.000000 0.683459 0.000000 0.729988 0.697140 0.697140 0.697140
8689.886719 0.000000 2100.888672 0.000000 0.741869 0.000000 0.670545 0.697431 0.697431 0.697431
8586.167969 0.000000 2152.046143 0.000000 0.994370 0.000000 0.105967 0.699814 0.699814 0.699814
8609.708984 0.000000 2158.675293 0.000000 0.883350 0.000000 0.468713 0.699147 0.699147 0.699147
8617.960938 0.000000 2171.016602 0.000000 0.715108 0.000000 0.699014 0.698647 0.698647 0.698647
8604.935547 0.000000 2108.457764 0.000000 0.998308 0.000000 0.058145 0.699898 0.699898 0.699898
8580.720703 0.000000 2142.383301 0.000000 0.457066 0.000000 -0.889433 0.705747 0.705747 0.705747
8591.451172 0.000000 2135.325684 0.000000 0.013964 0.000000 0.999902 0.689117 0.689117 0.689117
8585.963867 0.000000 2138.773193 0.000000 0.549716 0.000000 0.835352 0.687904 0.687904 0.687904
8691.184570 0.000000 2122.330811 0.000000 0.188058 0.000000 0.982158 0.697586 0.697586 0.697586
8706.909180 0.000000 2127.006836 0.000000 0.897743 0.000000 0.440519 0.699203 0.699203 0.699203
8748.888672 0.000000 2100.637695 0.000000 0.993830 0.000000 -0.110916 0.700388 0.700388 0.700388
8753.640625 0.000000 2132.182617 0.000000 0.691608 0.000000 -0.722273 0.702821 0.702821 0.702821
8792.247070 0.000000 2140.942383 0.000000 0.617155 0.000000 0.786842 0.698417 0.698417 0.698417
8777.693359 0.000000 2158.675293 0.000000 0.970930 0.000000 -0.239366 0.700422 0.700422 0.700422
8775.176758 0.000000 2122.330811 0.000000 0.855046 0.000000 -0.518553 0.701905 0.701905 0.701905
8739.859375 0.000000 2157.615967 0.000000 0.905847 0.000000 0.423605 0.699236 0.699236 0.699236
8790.901367 0.000000 2127.006836 0.000000 0.474723 0.000000 -0.880135 0.701881 0.701881 0.701881
8772.919922 0.000000 2108.457764 0.000000 0.406531 0.000000 0.913637 0.697986 0.697986 0.697986
8765.296875 0.000000 2129.346436 0.000000 0.529196 0.000000 0.848500 0.696459 0.696459 0.696459
8760.164062 0.000000 2142.315430 0.000000 0.992004 0.000000 0.126204 0.699558 0.699558 0.699558
8781.669922 0.000000 2133.194336 0.000000 0.083007 0.000000 0.996549 0.694800 0.694800 0.694800
8748.705078 0.000000 2142.383301 0.000000 0.571190 0.000000 -0.820818 0.703365 0.703365 0.703365
8771.118164 0.000000 2149.378174 0.000000 0.946724 0.000000 0.322045 0.698854 0.698854 0.698854
8646.614258 0.000000 2229.306152 0.000000 0.674059 0.000000 -0.738677 0.704357 0.704357 0.704357
8647.501953 0.000000 2187.935059 0.000000 0.798060 0.000000 0.602578 0.696609 0.696609 0.696609
8650.977539 0.000000 2218.255859 0.000000 0.399726 0.000000 -0.916635 0.706079 0.706079 0.706079
8647.199219 0.000000 2180.334229 0.000000 0.096694 0.000000 -0.995314 0.707728 0.707728 0.707728
8678.713867 0.000000 2238.237549 0.000000 0.870351 0.000000 0.492432 0.699100 0.699100 0.699100
8688.911133 0.000000 2207.820312 0.000000 0.998260 0.000000 -0.058960 0.700206 0.700206 0.700206
8669.648438 0.000000 2200.166992 0.000000 0.280729 0.000000 -0.959787 0.702248 0.702248 0.702248
8691.184570 0.000000 2190.315186 0.000000 0.898698 0.000000 -0.438569 0.700793 0.700793 0.700793
8681.304688 0.000000 2197.330811 0.000000 0.999886 0.000000 0.015098 0.699868 0.699868 0.699868
"}
