object={
	name="tree_cypress_01_generator_1_0"
	clamp_to_water_level=no
	render_under_water=no
	generated_content=yes
	layer="tree_high_layer"
	pdxmesh="tree_cypress_01_a_mesh"
	count=62
	transform="3183.531738 0.000000 515.055542 0.000000 0.400160 0.000000 0.916445 1.000000 1.000000 1.000000
3170.729980 0.000000 484.330902 0.000000 0.036750 0.000000 -0.999325 1.000000 1.000000 1.000000
3176.158447 0.000000 483.036407 0.000000 0.588723 0.000000 0.808335 1.000000 1.000000 1.000000
3184.361084 0.000000 517.597473 0.000000 0.974158 0.000000 0.225869 1.000000 1.000000 1.000000
3189.168213 0.000000 519.315918 0.000000 0.974240 0.000000 -0.225515 1.000000 1.000000 1.000000
3185.495361 0.000000 515.868591 0.000000 0.441221 0.000000 0.897399 1.000000 1.000000 1.000000
3174.153564 0.000000 483.363190 0.000000 0.923329 0.000000 0.384011 1.000000 1.000000 1.000000
3177.731201 0.000000 481.777435 0.000000 0.105401 0.000000 0.994430 1.000000 1.000000 1.000000
3187.635498 0.000000 516.622314 0.000000 0.590057 0.000000 -0.807361 1.000000 1.000000 1.000000
3185.103516 0.000000 514.188904 0.000000 0.008880 0.000000 -0.999961 1.000000 1.000000 1.000000
3199.249512 0.000000 490.544586 0.000000 0.873365 0.000000 -0.487067 1.000000 1.000000 1.000000
3199.416260 0.000000 540.481567 0.000000 0.069246 0.000000 -0.997600 1.000000 1.000000 1.000000
3210.464355 0.000000 507.148102 0.000000 0.197809 0.000000 -0.980241 1.000000 1.000000 1.000000
3200.963135 0.000000 536.248779 0.000000 0.073120 0.000000 0.997323 1.000000 1.000000 1.000000
3195.665771 0.000000 542.305054 0.000000 0.795115 0.000000 -0.606459 1.000000 1.000000 1.000000
3196.634521 0.000000 493.900024 0.000000 0.548837 0.000000 -0.835929 1.000000 1.000000 1.000000
3207.302490 0.000000 513.897705 0.000000 0.734089 0.000000 -0.679053 1.000000 1.000000 1.000000
3204.935303 0.000000 513.237793 0.000000 0.125414 0.000000 0.992104 1.000000 1.000000 1.000000
3197.987061 0.000000 542.553467 0.000000 0.327957 0.000000 0.944692 1.000000 1.000000 1.000000
3178.400146 0.000000 563.625427 0.000000 0.999993 0.000000 -0.003798 1.000000 1.000000 1.000000
3170.729980 0.000000 552.315247 0.000000 0.478635 0.000000 0.878014 1.000000 1.000000 1.000000
3179.400391 0.000000 554.542542 0.000000 0.997874 0.000000 -0.065180 1.000000 1.000000 1.000000
3154.282471 0.000000 562.217651 0.000000 0.126039 0.000000 -0.992025 1.000000 1.000000 1.000000
3125.553711 0.000000 550.710083 0.000000 0.980452 0.000000 0.196760 1.000000 1.000000 1.000000
3146.333496 0.000000 551.845276 0.000000 0.602896 0.000000 0.797820 1.000000 1.000000 1.000000
3191.279053 0.000000 544.050476 0.000000 0.870513 0.000000 -0.492145 1.000000 1.000000 1.000000
3131.328369 0.000000 565.589233 0.000000 0.395756 0.000000 -0.918356 1.000000 1.000000 1.000000
3176.158447 0.000000 551.020752 0.000000 0.999771 0.000000 0.021394 1.000000 1.000000 1.000000
3137.128662 0.000000 550.505371 0.000000 0.995272 0.000000 -0.097130 1.000000 1.000000 1.000000
3178.305908 0.000000 559.081604 0.000000 0.488957 0.000000 -0.872308 1.000000 1.000000 1.000000
3155.314941 0.000000 558.333862 0.000000 0.901195 0.000000 -0.433413 1.000000 1.000000 1.000000
3167.062012 0.000000 553.962402 0.000000 0.988553 0.000000 -0.150872 1.000000 1.000000 1.000000
3147.413086 0.000000 548.291382 0.000000 0.927069 0.000000 -0.374890 1.000000 1.000000 1.000000
3134.418945 0.000000 563.579651 0.000000 0.614306 0.000000 0.789068 1.000000 1.000000 1.000000
3160.075439 0.000000 552.204041 0.000000 0.367228 0.000000 0.930131 1.000000 1.000000 1.000000
3157.444092 0.000000 562.963379 0.000000 0.999943 0.000000 -0.010678 1.000000 1.000000 1.000000
3173.638916 0.000000 553.340332 0.000000 0.432864 0.000000 0.901459 1.000000 1.000000 1.000000
3134.629639 0.000000 552.080872 0.000000 0.148901 0.000000 0.988852 1.000000 1.000000 1.000000
3130.661133 0.000000 562.606995 0.000000 0.955568 0.000000 0.294770 1.000000 1.000000 1.000000
3180.457275 0.000000 557.174561 0.000000 0.865039 0.000000 -0.501704 1.000000 1.000000 1.000000
3137.281494 0.000000 555.124268 0.000000 0.091199 0.000000 -0.995833 1.000000 1.000000 1.000000
3181.544434 0.000000 552.722412 0.000000 0.025321 0.000000 0.999679 1.000000 1.000000 1.000000
3128.122070 0.000000 551.878296 0.000000 0.925042 0.000000 -0.379864 1.000000 1.000000 1.000000
3169.339600 0.000000 554.095276 0.000000 0.200678 0.000000 -0.979657 1.000000 1.000000 1.000000
3136.000000 0.000000 553.631226 0.000000 0.319254 0.000000 0.947669 1.000000 1.000000 1.000000
3133.467529 0.000000 553.517822 0.000000 0.323698 0.000000 0.946160 1.000000 1.000000 1.000000
3136.571289 0.000000 552.083130 0.000000 0.556317 0.000000 -0.830970 1.000000 1.000000 1.000000
3135.816650 0.000000 555.450562 0.000000 0.907529 0.000000 -0.419990 1.000000 1.000000 1.000000
3196.708252 0.000000 545.210205 0.000000 0.366531 0.000000 -0.930406 1.000000 1.000000 1.000000
3191.799805 0.000000 547.749634 0.000000 0.029413 0.000000 -0.999567 1.000000 1.000000 1.000000
3194.583740 0.000000 545.307983 0.000000 0.472177 0.000000 0.881504 1.000000 1.000000 1.000000
3192.595215 0.000000 545.907043 0.000000 0.999743 0.000000 -0.022679 1.000000 1.000000 1.000000
4710.434082 0.000000 1668.026245 0.000000 0.964889 0.000000 -0.262656 1.000000 1.000000 1.000000
4736.977051 0.000000 1664.371582 0.000000 0.454358 0.000000 -0.890819 1.000000 1.000000 1.000000
4726.735352 0.000000 1715.400879 0.000000 0.654052 0.000000 -0.756450 1.000000 1.000000 1.000000
4745.877930 0.000000 1721.551270 0.000000 0.899845 0.000000 -0.436209 1.000000 1.000000 1.000000
4737.497559 0.000000 1704.482666 0.000000 0.632435 0.000000 0.774613 1.000000 1.000000 1.000000
4746.274414 0.000000 1717.644165 0.000000 0.039539 0.000000 -0.999218 1.000000 1.000000 1.000000
4728.539062 0.000000 1802.393555 0.000000 0.340468 0.000000 -0.940256 1.000000 1.000000 1.000000
4731.500488 0.000000 1809.639160 0.000000 0.920446 0.000000 0.390871 1.000000 1.000000 1.000000
4724.687012 0.000000 1828.766968 0.000000 0.965415 0.000000 0.260720 1.000000 1.000000 1.000000
4722.825684 0.000000 1805.703369 0.000000 0.830612 0.000000 -0.556852 1.000000 1.000000 1.000000
"}
object={
	name="tree_cypress_01_generator_1_1"
	clamp_to_water_level=no
	render_under_water=no
	generated_content=yes
	layer="tree_high_layer"
	pdxmesh="tree_cypress_01_b_mesh"
	count=34
	transform="3172.894287 0.000000 481.702271 0.000000 0.999656 0.000000 -0.026234 1.000000 1.000000 1.000000
3187.469482 0.000000 514.917542 0.000000 0.857100 0.000000 -0.515150 1.000000 1.000000 1.000000
3189.444580 0.000000 516.923340 0.000000 0.732304 0.000000 0.680978 1.000000 1.000000 1.000000
3175.526123 0.000000 480.699615 0.000000 0.707987 0.000000 0.706225 1.000000 1.000000 1.000000
3192.077637 0.000000 540.515442 0.000000 0.745132 0.000000 -0.666916 1.000000 1.000000 1.000000
3205.220459 0.000000 510.758209 0.000000 0.796510 0.000000 -0.604626 1.000000 1.000000 1.000000
3220.578125 0.000000 509.201141 0.000000 0.816374 0.000000 -0.577524 1.000000 1.000000 1.000000
3214.422852 0.000000 507.313019 0.000000 0.995724 0.000000 0.092377 1.000000 1.000000 1.000000
3212.437012 0.000000 508.516418 0.000000 0.841678 0.000000 -0.539979 1.000000 1.000000 1.000000
3152.321045 0.000000 555.377441 0.000000 0.544761 0.000000 -0.838591 1.000000 1.000000 1.000000
3182.907471 0.000000 558.974915 0.000000 0.999531 0.000000 -0.030634 1.000000 1.000000 1.000000
3142.783691 0.000000 571.881592 0.000000 0.380129 0.000000 0.924934 1.000000 1.000000 1.000000
3168.116943 0.000000 548.804443 0.000000 0.411197 0.000000 0.911547 1.000000 1.000000 1.000000
3150.284912 0.000000 552.264587 0.000000 0.984379 0.000000 -0.176064 1.000000 1.000000 1.000000
3172.894287 0.000000 549.686646 0.000000 0.719217 0.000000 0.694786 1.000000 1.000000 1.000000
3179.548340 0.000000 550.577820 0.000000 0.999951 0.000000 -0.009900 1.000000 1.000000 1.000000
3145.841309 0.000000 571.917542 0.000000 0.841555 0.000000 0.540171 1.000000 1.000000 1.000000
3144.526855 0.000000 549.482544 0.000000 0.789959 0.000000 0.613159 1.000000 1.000000 1.000000
3142.760010 0.000000 568.998657 0.000000 0.667527 0.000000 0.744585 1.000000 1.000000 1.000000
3137.999023 0.000000 552.784241 0.000000 0.892579 0.000000 -0.450892 1.000000 1.000000 1.000000
3178.093018 0.000000 552.508240 0.000000 0.851627 0.000000 0.524149 1.000000 1.000000 1.000000
3134.708984 0.000000 553.737183 0.000000 0.806866 0.000000 -0.590734 1.000000 1.000000 1.000000
3192.961182 0.000000 543.917358 0.000000 0.897478 0.000000 0.441059 1.000000 1.000000 1.000000
3194.797852 0.000000 547.428589 0.000000 0.992669 0.000000 -0.120865 1.000000 1.000000 1.000000
4734.210449 0.000000 1661.345947 0.000000 0.978467 0.000000 0.206405 1.000000 1.000000 1.000000
4736.909180 0.000000 1697.009399 0.000000 0.998842 0.000000 -0.048111 1.000000 1.000000 1.000000
4717.047363 0.000000 1660.024780 0.000000 0.999654 0.000000 -0.026296 1.000000 1.000000 1.000000
4743.551758 0.000000 1714.424561 0.000000 0.830389 0.000000 -0.557185 1.000000 1.000000 1.000000
4704.326172 0.000000 1726.579834 0.000000 0.922313 0.000000 0.386443 1.000000 1.000000 1.000000
4724.997070 0.000000 1710.215820 0.000000 0.925670 0.000000 0.378332 1.000000 1.000000 1.000000
4737.696289 0.000000 1699.784424 0.000000 0.612375 0.000000 0.790567 1.000000 1.000000 1.000000
4733.742188 0.000000 1817.461304 0.000000 0.733518 0.000000 -0.679669 1.000000 1.000000 1.000000
4731.218750 0.000000 1813.490845 0.000000 0.977223 0.000000 0.212214 1.000000 1.000000 1.000000
4727.472656 0.000000 1805.840210 0.000000 0.330864 0.000000 0.943678 1.000000 1.000000 1.000000
"}
object={
	name="tree_cypress_01_generator_1_2"
	clamp_to_water_level=no
	render_under_water=no
	generated_content=yes
	layer="tree_high_layer"
	pdxmesh="tree_cypress_01_c_mesh"
	count=20
	transform="3174.736816 0.000000 478.391510 0.000000 0.678672 0.000000 0.734442 1.000000 1.000000 1.000000
3186.965576 0.000000 518.213074 0.000000 0.456301 0.000000 0.889825 1.000000 1.000000 1.000000
3180.225586 0.000000 515.613586 0.000000 0.342340 0.000000 0.939576 1.000000 1.000000 1.000000
3209.248779 0.000000 510.724243 0.000000 0.839222 0.000000 -0.543789 1.000000 1.000000 1.000000
3218.077393 0.000000 506.628906 0.000000 0.657829 0.000000 0.753167 1.000000 1.000000 1.000000
3207.297852 0.000000 511.601227 0.000000 0.719360 0.000000 0.694637 1.000000 1.000000 1.000000
3145.092285 0.000000 567.784180 0.000000 0.521296 0.000000 0.853376 1.000000 1.000000 1.000000
3140.064453 0.000000 568.822021 0.000000 0.228465 0.000000 -0.973552 1.000000 1.000000 1.000000
3128.628418 0.000000 549.193970 0.000000 0.235621 0.000000 -0.971845 1.000000 1.000000 1.000000
3167.714111 0.000000 551.401550 0.000000 0.836950 0.000000 0.547279 1.000000 1.000000 1.000000
3156.688232 0.000000 560.505188 0.000000 0.931850 0.000000 0.362844 1.000000 1.000000 1.000000
3179.830566 0.000000 552.227966 0.000000 0.932369 0.000000 0.361509 1.000000 1.000000 1.000000
4709.069824 0.000000 1689.809692 0.000000 0.375277 0.000000 0.926913 1.000000 1.000000 1.000000
4735.563477 0.000000 1668.156616 0.000000 0.991895 0.000000 -0.127061 1.000000 1.000000 1.000000
4737.020508 0.000000 1691.544922 0.000000 0.987296 0.000000 -0.158894 1.000000 1.000000 1.000000
4739.068848 0.000000 1694.271484 0.000000 0.923031 0.000000 0.384726 1.000000 1.000000 1.000000
4708.672852 0.000000 1725.611938 0.000000 0.958385 0.000000 0.285480 1.000000 1.000000 1.000000
4724.981934 0.000000 1822.139160 0.000000 0.999891 0.000000 -0.014749 1.000000 1.000000 1.000000
4728.438477 0.000000 1825.648438 0.000000 0.773923 0.000000 0.633279 1.000000 1.000000 1.000000
4721.107910 0.000000 1802.427368 0.000000 0.122379 0.000000 0.992483 1.000000 1.000000 1.000000
"}
