object={
	name="tree_leaf_colored_high_generator_1_0"
	clamp_to_water_level=no
	render_under_water=no
	generated_content=yes
	layer="tree_high_layer"
	pdxmesh="tree_leaf_colored_a_mesh"
	count=6
	transform="8950.326172 0.000000 2916.427246 0.000000 0.967307 0.000000 -0.253609 0.821509 0.821509 0.821509
8917.365234 0.000000 2947.792969 0.000000 0.842430 0.000000 0.538806 0.773861 0.773861 0.773861
8917.328125 0.000000 2945.212158 0.000000 0.311125 0.000000 0.950369 0.589549 0.589549 0.589549
8908.631836 0.000000 3024.475098 0.000000 0.952709 0.000000 -0.303885 0.825284 0.825284 0.825284
8895.625977 0.000000 3181.493408 0.000000 0.208593 0.000000 0.978003 0.688580 0.688580 0.688580
8897.734375 0.000000 3241.985840 0.000000 0.646656 0.000000 -0.762782 0.822527 0.822527 0.822527
"}
