object={
	name="tree_leaf_colored_01_high_generator_1_0"
	clamp_to_water_level=no
	render_under_water=no
	generated_content=yes
	layer="tree_high_layer"
	pdxmesh="tree_leaf_colored_01_a_mesh"
	count=115
	transform="8441.724609 0.000000 2770.534668 0.000000 0.624028 0.000000 0.781402 0.796417 0.796417 0.796417
8462.276367 0.000000 2743.408203 0.000000 0.986560 0.000000 -0.163399 0.801967 0.801967 0.801967
8427.156250 0.000000 2761.420410 0.000000 0.861064 0.000000 -0.508497 0.808523 0.808523 0.808523
8477.773438 0.000000 2766.095215 0.000000 0.989728 0.000000 0.142966 0.794843 0.794843 0.794843
8436.232422 0.000000 2767.559326 0.000000 0.114724 0.000000 -0.993397 0.837799 0.837799 0.837799
8468.767578 0.000000 2783.311768 0.000000 0.976340 0.000000 0.216242 0.795211 0.795211 0.795211
8533.968750 0.000000 2782.875977 0.000000 0.881000 0.000000 -0.473117 0.802953 0.802953 0.802953
8562.622070 0.000000 2773.181152 0.000000 0.665029 0.000000 -0.746817 0.805053 0.805053 0.805053
8496.728516 0.000000 2754.242676 0.000000 0.696633 0.000000 -0.717428 0.811186 0.811186 0.811186
8511.148438 0.000000 2761.420410 0.000000 0.087750 0.000000 0.996143 0.779268 0.779268 0.779268
8561.765625 0.000000 2766.095215 0.000000 0.221095 0.000000 0.975252 0.762312 0.762312 0.762312
8506.828125 0.000000 2741.089111 0.000000 0.229400 0.000000 -0.973332 0.840125 0.840125 0.840125
8511.423828 0.000000 2745.131348 0.000000 0.968549 0.000000 -0.248825 0.809543 0.809543 0.809543
8545.278320 0.000000 2758.959229 0.000000 0.873850 0.000000 0.486196 0.774649 0.774649 0.774649
8443.873047 0.000000 2792.666260 0.000000 0.483684 0.000000 -0.875243 0.821289 0.821289 0.821289
8459.931641 0.000000 2787.896973 0.000000 0.810209 0.000000 -0.586141 0.812509 0.812509 0.812509
8455.375977 0.000000 2794.873047 0.000000 0.887843 0.000000 -0.460146 0.809550 0.809550 0.809550
8466.244141 0.000000 2789.860352 0.000000 0.091150 0.000000 -0.995837 0.841369 0.841369 0.841369
8473.814453 0.000000 2820.159180 0.000000 0.136378 0.000000 0.990657 0.751312 0.751312 0.751312
8477.773438 0.000000 2834.079590 0.000000 0.990823 0.000000 0.135168 0.796750 0.796750 0.796750
8476.374023 0.000000 2807.669678 0.000000 0.105430 0.000000 -0.994427 0.861452 0.861452 0.861452
8482.695312 0.000000 2836.638672 0.000000 0.863033 0.000000 -0.505148 0.814807 0.814807 0.814807
8472.764648 0.000000 2840.546387 0.000000 0.554876 0.000000 -0.831933 0.827474 0.827474 0.827474
8455.699219 0.000000 2790.266113 0.000000 0.297607 0.000000 -0.954688 0.858276 0.858276 0.858276
8479.290039 0.000000 2804.323486 0.000000 0.994307 0.000000 0.106549 0.796162 0.796162 0.796162
8520.943359 0.000000 2788.301514 0.000000 0.632690 0.000000 -0.774405 0.807076 0.807076 0.807076
8546.350586 0.000000 2851.377197 0.000000 0.905756 0.000000 0.423800 0.796504 0.796504 0.796504
8551.456055 0.000000 2818.154785 0.000000 0.831127 0.000000 0.556083 0.792934 0.792934 0.792934
8511.148438 0.000000 2829.404785 0.000000 0.455730 0.000000 0.890118 0.775886 0.775886 0.775886
8540.471680 0.000000 2846.537354 0.000000 0.502377 0.000000 -0.864649 0.825032 0.825032 0.825032
8513.859375 0.000000 2817.080322 0.000000 0.730282 0.000000 -0.683146 0.816523 0.816523 0.816523
8490.923828 0.000000 2851.950195 0.000000 0.582884 0.000000 0.812556 0.782950 0.782950 0.782950
8557.806641 0.000000 2820.159180 0.000000 0.167311 0.000000 -0.985904 0.839221 0.839221 0.839221
8551.463867 0.000000 2811.956787 0.000000 0.279868 0.000000 0.960039 0.761439 0.761439 0.761439
8543.673828 0.000000 2807.771484 0.000000 0.674735 0.000000 -0.738060 0.838136 0.838136 0.838136
8555.252930 0.000000 2817.110596 0.000000 0.985407 0.000000 -0.170218 0.808541 0.808541 0.808541
8588.432617 0.000000 2787.332520 0.000000 0.809751 0.000000 0.586773 0.791233 0.791233 0.791233
8584.077148 0.000000 2784.594727 0.000000 0.198609 0.000000 -0.980079 0.843807 0.843807 0.843807
8573.148438 0.000000 2809.062744 0.000000 0.132384 0.000000 -0.991198 0.808616 0.808616 0.808616
8588.432617 0.000000 2855.316895 0.000000 0.838044 0.000000 0.545603 0.791932 0.791932 0.791932
8611.113281 0.000000 2818.352783 0.000000 0.967774 0.000000 -0.251821 0.805593 0.805593 0.805593
8587.377930 0.000000 2789.281738 0.000000 0.955109 0.000000 -0.296256 0.809011 0.809011 0.809011
8642.052734 0.000000 2848.194580 0.000000 0.491606 0.000000 -0.870818 0.831662 0.831662 0.831662
8595.628906 0.000000 2803.908691 0.000000 0.828786 0.000000 0.559565 0.782209 0.782209 0.782209
8563.509766 0.000000 2867.778809 0.000000 0.810563 0.000000 0.585651 0.796251 0.796251 0.796251
8513.320312 0.000000 2877.174561 0.000000 0.254160 0.000000 0.967162 0.792128 0.792128 0.792128
8529.693359 0.000000 2881.022461 0.000000 0.646771 0.000000 0.762685 0.793070 0.793070 0.793070
8496.728516 0.000000 2890.211426 0.000000 0.508898 0.000000 0.860827 0.789645 0.789645 0.789645
8521.902344 0.000000 2916.701172 0.000000 0.983198 0.000000 0.182544 0.797434 0.797434 0.797434
8530.019531 0.000000 2891.399170 0.000000 0.484605 0.000000 0.874733 0.789366 0.789366 0.789366
8488.717773 0.000000 2913.528564 0.000000 0.998434 0.000000 0.055941 0.799218 0.799218 0.799218
8526.816406 0.000000 2898.761230 0.000000 0.970572 0.000000 -0.240810 0.804857 0.804857 0.804857
8488.215820 0.000000 2856.678955 0.000000 0.501063 0.000000 0.865411 0.785377 0.785377 0.785377
8520.591797 0.000000 2879.252930 0.000000 0.207844 0.000000 0.978162 0.783685 0.783685 0.783685
8529.782227 0.000000 2873.686523 0.000000 0.281959 0.000000 -0.959427 0.828230 0.828230 0.828230
8519.017578 0.000000 2909.918701 0.000000 0.194129 0.000000 0.980976 0.780771 0.780771 0.780771
8540.885742 0.000000 2868.992432 0.000000 0.348443 0.000000 0.937330 0.766030 0.766030 0.766030
8525.526367 0.000000 2877.285645 0.000000 0.663951 0.000000 -0.747776 0.823619 0.823619 0.823619
8529.693359 0.000000 2949.006836 0.000000 0.617022 0.000000 -0.786946 0.810855 0.810855 0.810855
8488.215820 0.000000 2924.663330 0.000000 0.985956 0.000000 -0.167007 0.802346 0.802346 0.802346
8520.591797 0.000000 2947.237305 0.000000 0.009393 0.000000 0.999956 0.778171 0.778171 0.778171
8492.541016 0.000000 2930.916992 0.000000 0.999188 0.000000 -0.040302 0.800564 0.800564 0.800564
8556.535156 0.000000 2949.380371 0.000000 0.981965 0.000000 -0.189065 0.805698 0.805698 0.805698
8557.806641 0.000000 2956.127930 0.000000 0.627923 0.000000 -0.778276 0.823158 0.823158 0.823158
8617.960938 0.000000 2918.844727 0.000000 0.649733 0.000000 0.760162 0.794826 0.794826 0.794826
8631.989258 0.000000 2897.486816 0.000000 0.523626 0.000000 0.851948 0.785744 0.785744 0.785744
8613.685547 0.000000 2881.022461 0.000000 0.335968 0.000000 0.941873 0.790188 0.790188 0.790188
8580.720703 0.000000 2890.211426 0.000000 0.692317 0.000000 0.721593 0.793560 0.793560 0.793560
8637.554688 0.000000 2912.928711 0.000000 0.679518 0.000000 0.733659 0.790129 0.790129 0.790129
8614.011719 0.000000 2891.399170 0.000000 0.668897 0.000000 -0.743355 0.811717 0.811717 0.811717
8590.375977 0.000000 2871.135254 0.000000 0.989060 0.000000 0.147513 0.797930 0.797930 0.797930
8618.516602 0.000000 2909.633789 0.000000 0.768572 0.000000 0.639763 0.788908 0.788908 0.788908
8599.505859 0.000000 2865.837158 0.000000 0.999269 0.000000 -0.038225 0.800535 0.800535 0.800535
8624.463867 0.000000 2914.521729 0.000000 0.924873 0.000000 0.380277 0.792988 0.792988 0.792988
8574.749023 0.000000 2869.997803 0.000000 0.092941 0.000000 0.995672 0.779340 0.779340 0.779340
8620.820312 0.000000 2882.326172 0.000000 0.999972 0.000000 0.007540 0.799895 0.799895 0.799895
8647.431641 0.000000 2916.996094 0.000000 0.907126 0.000000 -0.420860 0.806941 0.806941 0.806941
8585.045898 0.000000 2862.178955 0.000000 0.751742 0.000000 0.659457 0.784180 0.784180 0.784180
8634.228516 0.000000 2857.844727 0.000000 0.714354 0.000000 0.699785 0.779875 0.779875 0.779875
8588.328125 0.000000 2916.517090 0.000000 0.921089 0.000000 0.389353 0.792811 0.792811 0.792811
8607.989258 0.000000 2893.209473 0.000000 0.566033 0.000000 -0.824383 0.825162 0.825162 0.825162
8650.771484 0.000000 2855.519287 0.000000 0.346199 0.000000 0.938161 0.763532 0.763532 0.763532
8590.820312 0.000000 2877.057861 0.000000 0.985478 0.000000 0.169804 0.795570 0.795570 0.795570
8585.149414 0.000000 2873.027344 0.000000 0.881173 0.000000 0.472794 0.777378 0.777378 0.777378
8642.052734 0.000000 2916.178955 0.000000 0.411561 0.000000 0.911382 0.767939 0.767939 0.767939
8595.628906 0.000000 2871.893066 0.000000 0.326710 0.000000 -0.945125 0.832143 0.832143 0.832143
8635.650391 0.000000 2862.489502 0.000000 0.969676 0.000000 -0.244395 0.807397 0.807397 0.807397
8623.588867 0.000000 2909.646484 0.000000 0.990212 0.000000 -0.139574 0.805873 0.805873 0.805873
8620.906250 0.000000 2912.739502 0.000000 0.372977 0.000000 -0.927841 0.852225 0.852225 0.852225
8628.335938 0.000000 2904.708984 0.000000 0.970950 0.000000 0.239281 0.784075 0.784075 0.784075
8651.569336 0.000000 2919.968506 0.000000 0.393489 0.000000 -0.919329 0.802330 0.802330 0.802330
8663.968750 0.000000 2875.109131 0.000000 0.788786 0.000000 -0.614668 0.811899 0.811899 0.811899
8669.956055 0.000000 2886.601318 0.000000 0.257421 0.000000 -0.966299 0.828790 0.828790 0.828790
8670.458008 0.000000 2893.453369 0.000000 0.027875 0.000000 -0.999611 0.852387 0.852387 0.852387
8651.791992 0.000000 2915.028076 0.000000 0.622539 0.000000 0.782589 0.771278 0.771278 0.771278
8655.214844 0.000000 2917.663086 0.000000 0.745567 0.000000 0.666431 0.767950 0.767950 0.767950
8574.838867 0.000000 2952.854736 0.000000 0.850736 0.000000 -0.525593 0.806632 0.806632 0.806632
8588.328125 0.000000 2984.501465 0.000000 0.423893 0.000000 -0.905712 0.833945 0.833945 0.833945
8605.826172 0.000000 2931.298340 0.000000 0.827800 0.000000 -0.561023 0.817844 0.817844 0.817844
8569.094727 0.000000 2967.516357 0.000000 0.723714 0.000000 -0.690100 0.819775 0.819775 0.819775
8595.628906 0.000000 2939.877441 0.000000 0.754343 0.000000 0.656481 0.779976 0.779976 0.779976
8584.077148 0.000000 2988.547852 0.000000 0.886712 0.000000 -0.462323 0.814398 0.814398 0.814398
8569.837891 0.000000 2962.470703 0.000000 0.998829 0.000000 0.048378 0.798550 0.798550 0.798550
8607.731445 0.000000 2978.993896 0.000000 0.584943 0.000000 0.811075 0.771660 0.771660 0.771660
8596.621094 0.000000 2929.958496 0.000000 0.591529 0.000000 0.806284 0.771904 0.771904 0.771904
8697.677734 0.000000 2949.006836 0.000000 0.907781 0.000000 0.419444 0.794813 0.794813 0.794813
8663.968750 0.000000 2943.093506 0.000000 0.878413 0.000000 0.477902 0.793034 0.793034 0.793034
8669.141602 0.000000 2941.011719 0.000000 0.928553 0.000000 -0.371199 0.809115 0.809115 0.809115
8566.779297 0.000000 2991.488037 0.000000 0.292922 0.000000 0.956136 0.761847 0.761847 0.761847
8605.826172 0.000000 2999.282715 0.000000 0.668266 0.000000 0.743922 0.781569 0.781569 0.781569
8601.137695 0.000000 2996.185791 0.000000 0.981091 0.000000 0.193546 0.794165 0.794165 0.794165
8642.071289 0.000000 2997.631348 0.000000 0.556158 0.000000 0.831076 0.762772 0.762772 0.762772
8596.621094 0.000000 2997.942871 0.000000 0.632706 0.000000 0.774392 0.773464 0.773464 0.773464
8649.505859 0.000000 2999.854248 0.000000 0.468627 0.000000 0.883396 0.739432 0.739432 0.739432
8656.356445 0.000000 2996.977295 0.000000 0.429370 0.000000 0.903129 0.752731 0.752731 0.752731
"}
