object={
	name="lakes"
	clamp_to_water_level=yes
	render_under_water=no
	generated_content=no
	layer="lake_layer"
	pdxmesh="lake_mesh"
	count=57
	transform="7781.284668 2.457153 1730.454468 0.000000 -0.239768 0.000000 0.970830 73.809563 73.809563 73.809563
2583.152588 2.709717 902.888977 0.000000 0.995571 0.000000 -0.094012 62.365345 62.365345 62.365345
2329.596436 0.935059 1942.917969 0.000000 0.975716 0.000000 -0.219039 43.203667 43.203667 43.203667
2282.701904 -0.195313 1910.600464 0.000000 -0.230810 0.000000 0.972999 65.825821 65.825821 65.825821
1527.114258 0.000000 2474.645020 0.000000 0.000000 0.000000 1.000000 1.000000 1.000000 1.000000
1528.948120 0.000000 2474.743652 0.000000 0.000000 0.000000 1.000000 1.000000 1.000000 1.000000
1519.494141 1.432861 2465.792236 0.000000 -0.491658 0.000000 0.870789 75.097130 75.097130 75.097130
1576.615845 0.000000 2468.384521 0.000000 0.000000 0.000000 1.000000 1.000000 1.000000 1.000000
1626.018433 0.000000 2448.947021 0.000000 0.000000 0.000000 1.000000 1.000000 1.000000 1.000000
1625.747192 0.000000 2449.925537 0.000000 0.000000 0.000000 1.000000 1.000000 1.000000 1.000000
1625.545898 0.000000 2450.153320 0.000000 0.000000 0.000000 1.000000 1.000000 1.000000 1.000000
1625.960083 0.000000 2449.872314 0.000000 0.000000 0.000000 1.000000 1.000000 1.000000 1.000000
1625.275635 0.000000 2449.800781 0.000000 0.000000 0.000000 1.000000 1.000000 1.000000 1.000000
1625.154663 0.000000 2449.490234 0.000000 0.000000 0.000000 1.000000 1.000000 1.000000 1.000000
1621.189209 1.388184 2452.208496 0.000000 0.742375 0.000000 0.669984 60.312775 60.312775 60.312775
1633.874512 -0.235107 2549.333984 0.000000 -0.194762 0.000000 0.980851 34.163940 34.163940 34.163940
1662.028809 0.000000 2529.100586 0.000000 0.000000 0.000000 1.000000 1.000000 1.000000 1.000000
1660.947021 0.870850 2522.947021 0.000000 -0.389342 0.000000 0.921093 16.618523 16.618523 16.618523
1666.173828 1.248535 2437.420410 0.000000 0.992654 0.000000 -0.120984 22.135649 22.135649 22.135649
1683.806030 0.000000 2488.530762 0.000000 0.000000 0.000000 1.000000 1.000000 1.000000 1.000000
1678.831055 0.000000 2491.666016 0.000000 0.000000 0.000000 1.000000 1.000000 1.000000 1.000000
1683.692749 0.582275 2487.923340 0.000000 0.071213 0.000000 0.997461 21.377522 21.377522 21.377522
1672.018311 0.000000 2491.346436 0.000000 0.000000 0.000000 1.000000 9.483824 9.483824 9.483824
1670.421997 0.875488 2492.976318 0.000000 0.000000 0.000000 1.000000 8.356898 8.356898 8.356898
1291.930542 1.116577 1983.812134 0.000000 0.293525 0.000000 0.955951 38.102932 38.102932 38.102932
1317.449219 -0.137329 1906.511475 0.000000 0.694812 0.000000 0.719192 45.806145 45.806145 45.806145
1176.882202 1.203857 1847.961182 0.000000 0.550283 0.000000 0.834978 14.944727 14.944727 14.944727
1183.479248 0.000000 1916.729736 0.000000 0.000000 0.000000 1.000000 9.108981 9.108981 9.108981
1186.920410 0.000000 1916.463989 0.000000 0.000000 0.000000 1.000000 11.640748 11.640748 11.640748
1211.639771 1.106934 1876.982666 0.000000 0.000000 0.000000 1.000000 18.473198 18.473198 18.473198
1229.372681 1.280273 2004.906128 0.000000 0.401368 0.000000 0.915917 22.036825 22.036825 22.036825
1229.218506 0.753296 2033.774902 0.000000 -0.824248 0.000000 0.566230 11.004578 11.004578 11.004578
1650.856812 0.965088 2332.745605 0.000000 -0.853537 0.000000 0.521033 46.802170 46.802170 46.802170
831.011047 1.092163 1473.062378 0.000000 -0.772237 0.000000 0.635334 6.721095 6.721095 6.721095
2472.760986 2.402710 1148.600952 0.000000 0.000000 0.000000 1.000000 16.641592 16.641592 16.641592
1775.775635 1.118408 2519.977539 0.000000 0.000000 0.000000 1.000000 16.787560 16.787560 16.787560
1766.360718 1.073242 2474.071533 0.000000 0.358508 0.000000 0.933527 25.806404 25.806404 25.806404
1733.426147 -0.162354 2444.779541 0.000000 0.000000 0.000000 1.000000 32.144253 32.144253 32.144253
1738.102905 1.380859 2404.067383 0.000000 0.013153 0.000000 0.999914 36.601852 36.601852 36.601852
1713.621094 1.011719 2481.078125 0.000000 -0.488798 0.000000 0.872397 19.809299 19.809299 19.809299
1667.976196 0.411377 2462.551514 0.000000 0.154530 0.000000 0.987988 28.147282 28.147282 28.147282
1785.970215 1.305420 2234.206055 0.000000 0.615888 0.000000 0.787833 25.735668 25.735668 25.735668
1802.980835 1.084229 2175.021240 0.000000 0.189041 0.000000 0.981969 28.152031 28.152031 28.152031
1773.594482 0.659424 2166.133301 0.000000 0.473335 0.000000 0.880883 28.431166 28.431166 28.431166
1980.830444 0.968384 2036.551758 0.000000 0.566384 0.000000 0.824141 75.885231 75.885231 75.885231
1902.879028 1.578247 2046.012939 0.000000 0.502369 0.000000 0.864653 33.798775 33.798775 33.798775
1572.129517 -0.219360 2015.791504 0.000000 0.675812 0.000000 0.737074 62.704472 62.704472 62.704472
1417.329468 0.851807 2155.224121 0.000000 0.814008 0.000000 0.580854 25.001749 25.001749 25.001749
7703.997559 0.502930 1959.280029 0.000000 0.200954 0.000000 0.979601 26.266584 26.266584 26.266584
7713.650391 1.136108 1930.290283 0.000000 0.929500 0.000000 0.368823 5.518689 5.518689 5.518689
8038.111328 0.000000 1838.555054 0.000000 0.000000 0.000000 1.000000 60.868992 60.868992 60.868992
2365.760986 1.959534 568.493530 0.000000 0.269396 0.000000 0.963029 15.235145 15.235145 15.235145
2322.289307 2.028320 553.790894 0.000000 0.000000 0.000000 1.000000 16.767706 16.767706 16.767706
2576.447021 2.446655 989.702454 0.000000 0.392194 0.000000 0.919883 10.969313 10.969313 10.969313
2468.931885 1.603394 528.456055 0.000000 0.315790 0.000000 0.948829 9.670719 9.670719 9.670719
2490.583740 2.046356 479.695557 0.000000 -0.302498 0.000000 0.953150 9.957644 9.957644 9.957644
2680.908447 1.964600 761.906128 0.000000 0.472689 0.000000 0.881229 16.957985 16.957985 16.957985
"}
object={
	name="lakes_variant_1"
	clamp_to_water_level=yes
	render_under_water=yes
	generated_content=no
	layer="lake_layer"
	pdxmesh="lake_mesh"
	count=1
	transform="2418.353027 1.185791 1916.275024 0.000000 0.047498 0.000000 0.998871 93.572098 93.572098 93.572098
"}
