object={
	name="lakes_darker"
	clamp_to_water_level=yes
	render_under_water=no
	generated_content=no
	layer="lake_layer"
	pdxmesh="lake_darker_mesh"
	count=4
	transform="2656.908447 0.760 882.906128 0.000000 0.472689 0.000000 0.881229 16.957985 16.957985 16.957985
    1771.212646 0.700000 2096.593262 0.000000 0.986355 0.000000 0.164633 35.225697 35.225697 35.225697
    1693.357910 0.568055 2161.679443 0.000000 0.555724 0.000000 0.831367 27.467482 27.467482 27.467482
    3330.357910 0.020000 2801.679443 0.000000 0.555724 0.000000 0.831367 27.467482 27.467482 27.467482
    "}
