object={
	name="lakes"
	clamp_to_water_level=yes
	render_under_water=no
	generated_content=no
	layer="lake_layer"
	pdxmesh="lake_mesh"
	count=8
	transform="7782.431641 2.843872 1728.950195 0.000000 -0.239768 0.000000 0.970830 73.809563 73.809563 73.809563
2564.220215 0.820648 346.933960 0.000000 0.975718 0.000000 0.219031 15.509053 15.509053 15.509053
2585.408691 1.686951 904.623352 0.000000 0.995571 0.000000 -0.094012 62.365345 62.365345 62.365345
2418.353027 1.210449 1916.275024 0.000000 0.047498 0.000000 0.998871 93.572098 93.572098 93.572098
2329.595703 1.224121 1942.919922 0.000000 0.975716 0.000000 -0.219039 43.203667 43.203667 43.203667
2281.908691 -0.192017 1910.390747 0.000000 -0.230810 0.000000 0.972999 65.825821 65.825821 65.825821
1886.841431 1.615601 1109.347046 0.000000 0.356256 0.000000 0.934388 39.392242 39.392242 39.392242
2658.035645 1.907410 882.067932 0.000000 0.409889 0.000000 0.912135 19.977924 19.977924 19.977924
"}
