object={
	name="cactus_saguaro_01_high_generator_1_0"
	clamp_to_water_level=no
	render_under_water=no
	generated_content=yes
	layer="tree_high_layer"
	pdxmesh="cactus_saguaro_01_a_mesh"
	count=561
	transform="3187.544189 0.000000 269.749237 0.000000 0.542313 0.000000 -0.840176 0.841842 0.841842 0.841842
3195.722412 0.000000 266.272461 0.000000 0.886695 0.000000 -0.462355 0.818240 0.818240 0.818240
2721.208252 0.000000 399.841827 0.000000 0.568202 0.000000 -0.822889 0.827024 0.827024 0.827024
2756.003174 0.000000 364.519318 0.000000 0.506348 0.000000 0.862329 0.758463 0.758463 0.758463
2723.892822 0.000000 352.643585 0.000000 0.541141 0.000000 -0.840932 0.841900 0.841900 0.841900
2715.963379 0.000000 365.678223 0.000000 0.376855 0.000000 -0.926272 0.847311 0.847311 0.847311
2797.765137 0.000000 392.245392 0.000000 0.797949 0.000000 -0.602724 0.820673 0.820673 0.820673
2997.537109 0.000000 319.224548 0.000000 0.419304 0.000000 0.907846 0.772723 0.772723 0.772723
3002.173828 0.000000 318.158417 0.000000 0.993929 0.000000 -0.110026 0.804624 0.804624 0.804624
3014.814453 0.000000 315.864624 0.000000 0.045015 0.000000 0.998986 0.736006 0.736006 0.736006
3007.371582 0.000000 317.247681 0.000000 0.971997 0.000000 0.234994 0.790051 0.790051 0.790051
2907.679443 0.000000 384.093262 0.000000 0.999702 0.000000 0.024412 0.799854 0.799854 0.799854
2911.891602 0.000000 347.435547 0.000000 0.905876 0.000000 0.423544 0.792139 0.792139 0.792139
2923.987549 0.000000 364.519318 0.000000 0.478349 0.000000 -0.878170 0.840681 0.840681 0.840681
2923.735840 0.000000 393.431274 0.000000 0.817658 0.000000 0.575704 0.774270 0.774270 0.774270
2921.393555 0.000000 360.161407 0.000000 0.983852 0.000000 0.178982 0.792453 0.792453 0.792453
2916.197021 0.000000 360.333923 0.000000 0.147955 0.000000 0.988994 0.746027 0.746027 0.746027
2910.069336 0.000000 351.004913 0.000000 0.533399 0.000000 -0.845864 0.842285 0.842285 0.842285
3007.971924 0.000000 370.717285 0.000000 0.907799 0.000000 0.419406 0.796542 0.796542 0.796542
2989.266357 0.000000 370.829681 0.000000 0.630617 0.000000 0.776094 0.773383 0.773383 0.773383
2955.944336 0.000000 396.007782 0.000000 0.149085 0.000000 -0.988824 0.842576 0.842576 0.842576
2982.041992 0.000000 361.863800 0.000000 0.476222 0.000000 0.879325 0.765665 0.765665 0.765665
2980.729980 0.000000 366.989502 0.000000 0.988707 0.000000 -0.149863 0.805708 0.805708 0.805708
2996.111816 0.000000 394.224701 0.000000 0.534924 0.000000 0.844900 0.755781 0.755781 0.755781
2977.985596 0.000000 359.300446 0.000000 0.027639 0.000000 0.999618 0.750687 0.750687 0.750687
2948.562012 0.000000 391.957336 0.000000 0.779606 0.000000 -0.626270 0.831088 0.831088 0.831088
2948.986572 0.000000 400.280029 0.000000 0.827637 0.000000 0.561264 0.777387 0.777387 0.777387
2943.745850 0.000000 402.241211 0.000000 0.322423 0.000000 0.946596 0.752850 0.752850 0.752850
2950.156982 0.000000 351.459869 0.000000 0.776662 0.000000 0.629918 0.771419 0.771419 0.771419
2958.259521 0.000000 353.489960 0.000000 0.788751 0.000000 -0.614713 0.829089 0.829089 0.829089
2973.789062 0.000000 390.382202 0.000000 0.684653 0.000000 -0.728869 0.845670 0.845670 0.845670
2977.194824 0.000000 397.830994 0.000000 0.964575 0.000000 0.263811 0.780271 0.780271 0.780271
2989.681641 0.000000 366.744934 0.000000 0.890040 0.000000 -0.455882 0.825526 0.825526 0.825526
3004.177490 0.000000 394.013794 0.000000 0.025608 0.000000 0.999672 0.704331 0.704331 0.704331
3021.734863 0.000000 385.718048 0.000000 0.397396 0.000000 -0.917647 0.888199 0.888199 0.888199
2979.858887 0.000000 388.814697 0.000000 0.860615 0.000000 -0.509256 0.853358 0.853358 0.853358
3021.460205 0.000000 380.954620 0.000000 0.583153 0.000000 0.812362 0.676905 0.676905 0.676905
2980.812744 0.000000 393.180786 0.000000 0.796437 0.000000 -0.604722 0.871337 0.871337 0.871337
3021.183838 0.000000 383.347168 0.000000 0.766241 0.000000 -0.642554 0.907317 0.907317 0.907317
3006.285400 0.000000 391.416382 0.000000 0.903936 0.000000 0.427668 0.742631 0.742631 0.742631
3017.029053 0.000000 391.868195 0.000000 0.969074 0.000000 -0.246768 0.840836 0.840836 0.840836
3010.762207 0.000000 392.380615 0.000000 0.626461 0.000000 0.779452 0.657191 0.657191 0.657191
3005.177734 0.000000 376.279816 0.000000 0.462310 0.000000 0.886718 0.643228 0.643228 0.643228
3008.389648 0.000000 383.236511 0.000000 0.785077 0.000000 0.619398 0.581207 0.581207 0.581207
3012.161377 0.000000 396.473358 0.000000 0.970211 0.000000 0.242263 0.749173 0.749173 0.749173
3007.585938 0.000000 378.501160 0.000000 0.918492 0.000000 0.395439 0.719615 0.719615 0.719615
3006.191406 0.000000 383.338470 0.000000 0.961799 0.000000 0.273757 0.713049 0.713049 0.713049
3003.422363 0.000000 378.057922 0.000000 0.258166 0.000000 -0.966101 1.006643 1.006643 1.006643
3003.835205 0.000000 380.118408 0.000000 0.312922 0.000000 -0.949779 1.000128 1.000128 1.000128
3011.322266 0.000000 377.683960 0.000000 0.726852 0.000000 0.686794 0.654844 0.654844 0.654844
3016.384766 0.000000 396.355438 0.000000 0.446871 0.000000 0.894598 0.587648 0.587648 0.587648
3013.770020 0.000000 378.129822 0.000000 0.387672 0.000000 0.921797 0.425257 0.425257 0.425257
3013.756592 0.000000 388.852539 0.000000 0.892349 0.000000 0.451346 0.709280 0.709280 0.709280
3002.512207 0.000000 384.139404 0.000000 0.614817 0.000000 0.788670 0.576783 0.576783 0.576783
3014.040039 0.000000 380.233612 0.000000 0.438645 0.000000 0.898661 0.427535 0.427535 0.427535
3013.514893 0.000000 394.989075 0.000000 0.827827 0.000000 0.560983 0.665586 0.665586 0.665586
3017.848389 0.000000 395.065155 0.000000 0.736973 0.000000 0.675922 0.628044 0.628044 0.628044
3010.177246 0.000000 388.639435 0.000000 0.745946 0.000000 0.666006 0.650066 0.650066 0.650066
3013.768066 0.000000 385.390228 0.000000 0.003370 0.000000 0.999994 0.399293 0.399293 0.399293
3019.651123 0.000000 380.653564 0.000000 0.542790 0.000000 0.839869 0.574980 0.574980 0.574980
3006.861816 0.000000 387.531311 0.000000 0.282011 0.000000 -0.959411 1.118217 1.118217 1.118217
3017.119141 0.000000 378.220154 0.000000 0.639489 0.000000 0.768800 0.574056 0.574056 0.574056
3001.164062 0.000000 387.601746 0.000000 0.881167 0.000000 -0.472806 0.916063 0.916063 0.916063
3012.296387 0.000000 383.310303 0.000000 0.986828 0.000000 -0.161770 0.854844 0.854844 0.854844
3011.239258 0.000000 386.410217 0.000000 0.976464 0.000000 -0.215679 0.853838 0.853838 0.853838
3009.899658 0.000000 383.948364 0.000000 0.896691 0.000000 -0.442657 0.950200 0.950200 0.950200
3014.851562 0.000000 382.228271 0.000000 0.918123 0.000000 0.396295 0.664090 0.664090 0.664090
3011.644531 0.000000 381.149750 0.000000 0.128929 0.000000 0.991654 0.313443 0.313443 0.313443
3009.095459 0.000000 381.677246 0.000000 0.286300 0.000000 0.958140 0.426630 0.426630 0.426630
2714.423340 0.000000 419.014587 0.000000 0.946261 0.000000 -0.323403 0.810524 0.810524 0.810524
2709.184814 0.000000 418.512695 0.000000 0.362836 0.000000 -0.931853 0.838331 0.838331 0.838331
2715.963379 0.000000 433.662598 0.000000 0.777283 0.000000 0.629151 0.774178 0.774178 0.774178
2823.216797 0.000000 424.221466 0.000000 0.934343 0.000000 -0.356375 0.813828 0.813828 0.813828
2810.001221 0.000000 427.284821 0.000000 0.830439 0.000000 0.557109 0.775216 0.775216 0.775216
2819.346191 0.000000 422.365112 0.000000 0.128952 0.000000 -0.991651 0.860459 0.860459 0.860459
2770.052490 0.000000 484.432434 0.000000 0.931188 0.000000 0.364538 0.785095 0.785095 0.785095
2849.787842 0.000000 533.885010 0.000000 0.076479 0.000000 -0.997071 0.856703 0.856703 0.856703
2776.903076 0.000000 481.555298 0.000000 0.841354 0.000000 -0.540485 0.822809 0.822809 0.822809
2853.961182 0.000000 528.132324 0.000000 0.936497 0.000000 -0.350676 0.832202 0.832202 0.832202
2839.571533 0.000000 517.023438 0.000000 0.982657 0.000000 0.185432 0.782492 0.782492 0.782492
2853.598145 0.000000 531.232910 0.000000 0.903044 0.000000 0.429547 0.757436 0.757436 0.757436
2902.543457 0.000000 443.961700 0.000000 0.973444 0.000000 -0.228923 0.802768 0.802768 0.802768
2876.963623 0.000000 475.863678 0.000000 0.736080 0.000000 0.676894 0.791090 0.791090 0.791090
2903.338379 0.000000 422.365112 0.000000 0.999926 0.000000 0.012187 0.799245 0.799245 0.799245
2889.796875 0.000000 458.366577 0.000000 0.692370 0.000000 0.721543 0.754925 0.754925 0.754925
2913.839844 0.000000 458.746582 0.000000 0.757961 0.000000 -0.652299 0.851094 0.851094 0.851094
2884.698486 0.000000 460.712891 0.000000 0.654346 0.000000 -0.756196 0.878779 0.878779 0.878779
2920.766846 0.000000 472.844147 0.000000 0.328131 0.000000 -0.944632 1.019788 1.019788 1.019788
2993.343750 0.000000 434.888672 0.000000 0.298650 0.000000 -0.954363 0.822784 0.822784 0.822784
3019.954834 0.000000 469.558533 0.000000 0.908380 0.000000 -0.418146 0.806893 0.806893 0.806893
2997.537109 0.000000 455.193298 0.000000 0.401072 0.000000 -0.916046 0.823130 0.823130 0.823130
2958.989746 0.000000 446.015839 0.000000 0.981045 0.000000 0.193778 0.796105 0.796105 0.796105
2990.789062 0.000000 430.232910 0.000000 0.848852 0.000000 0.528631 0.784426 0.784426 0.784426
3006.580566 0.000000 420.499512 0.000000 0.604317 0.000000 0.796744 0.768699 0.768699 0.768699
2971.470947 0.000000 453.051086 0.000000 0.092133 0.000000 0.995747 0.743893 0.743893 0.743893
2962.680664 0.000000 449.569550 0.000000 0.961564 0.000000 0.274580 0.791667 0.791667 0.791667
2965.749512 0.000000 460.229767 0.000000 0.998499 0.000000 -0.054765 0.802298 0.802298 0.802298
2996.111816 0.000000 462.209076 0.000000 0.880390 0.000000 0.474250 0.781250 0.781250 0.781250
3002.173828 0.000000 454.127167 0.000000 0.724935 0.000000 -0.688818 0.831870 0.831870 0.831870
3010.321533 0.000000 423.112823 0.000000 0.846992 0.000000 0.531605 0.779850 0.779850 0.779850
2954.721924 0.000000 454.585541 0.000000 0.631881 0.000000 -0.775065 0.837195 0.837195 0.837195
2971.649658 0.000000 448.657349 0.000000 0.760186 0.000000 -0.649706 0.828249 0.828249 0.828249
2993.430176 0.000000 465.301910 0.000000 0.788171 0.000000 0.615456 0.758953 0.758953 0.758953
2989.681641 0.000000 434.729309 0.000000 0.995037 0.000000 -0.099508 0.807764 0.807764 0.807764
2966.434570 0.000000 427.610901 0.000000 0.995311 0.000000 -0.096725 0.807352 0.807352 0.807352
2986.880615 0.000000 468.989838 0.000000 0.274785 0.000000 -0.961506 0.913577 0.913577 0.913577
2993.397949 0.000000 473.774963 0.000000 0.737319 0.000000 0.675545 0.739264 0.739264 0.739264
2989.687744 0.000000 474.778748 0.000000 0.341821 0.000000 0.939765 0.719463 0.719463 0.719463
2980.325928 0.000000 438.320251 0.000000 0.936166 0.000000 0.351559 0.777758 0.777758 0.777758
2970.810791 0.000000 426.441528 0.000000 0.193034 0.000000 0.981192 0.701026 0.701026 0.701026
2986.493896 0.000000 440.764587 0.000000 0.996633 0.000000 -0.081991 0.805902 0.805902 0.805902
2986.431152 0.000000 436.983490 0.000000 0.784135 0.000000 0.620591 0.746514 0.746514 0.746514
2983.064209 0.000000 432.834595 0.000000 0.646323 0.000000 0.763064 0.735854 0.735854 0.735854
2966.528809 0.000000 430.783173 0.000000 0.811616 0.000000 0.584192 0.750158 0.750158 0.750158
2965.779053 0.000000 422.266205 0.000000 0.731863 0.000000 -0.681452 0.855404 0.855404 0.855404
2991.955322 0.000000 467.675568 0.000000 0.999851 0.000000 -0.017272 0.801621 0.801621 0.801621
2888.037354 0.000000 486.384155 0.000000 0.049153 0.000000 -0.998791 0.815195 0.815195 0.815195
2899.644287 0.000000 506.884155 0.000000 0.965359 0.000000 0.260927 0.794200 0.794200 0.794200
2922.588379 0.000000 488.483887 0.000000 0.067616 0.000000 0.997711 0.751966 0.751966 0.751966
2892.165283 0.000000 512.465942 0.000000 0.821582 0.000000 -0.570090 0.824231 0.824231 0.824231
2861.875977 0.000000 486.339447 0.000000 0.987423 0.000000 0.158101 0.793341 0.793341 0.793341
2866.164795 0.000000 487.428619 0.000000 0.831836 0.000000 0.555022 0.775322 0.775322 0.775322
2856.005859 0.000000 488.614319 0.000000 0.029022 0.000000 0.999579 0.735335 0.735335 0.735335
2910.069336 0.000000 486.973663 0.000000 0.282449 0.000000 0.959282 0.746128 0.746128 0.746128
2867.328857 0.000000 491.424622 0.000000 0.826491 0.000000 -0.562951 0.825079 0.825079 0.825079
2863.923828 0.000000 524.454346 0.000000 0.985684 0.000000 -0.168604 0.811166 0.811166 0.811166
2863.480957 0.000000 531.160095 0.000000 0.600910 0.000000 -0.799317 0.870291 0.870291 0.870291
2856.158447 0.000000 507.408539 0.000000 0.836585 0.000000 0.547837 0.746734 0.746734 0.746734
2876.422363 0.000000 518.703979 0.000000 0.324948 0.000000 -0.945732 1.315061 1.315061 1.315061
2879.028809 0.000000 519.292175 0.000000 0.741616 0.000000 0.670824 0.550337 0.550337 0.550337
2876.105713 0.000000 521.462341 0.000000 0.302916 0.000000 -0.953017 1.097667 1.097667 1.097667
2874.732910 0.000000 518.192749 0.000000 0.432273 0.000000 -0.901743 1.103003 1.103003 1.103003
2977.107910 0.000000 499.799835 0.000000 0.962330 0.000000 0.271885 0.796700 0.796700 0.796700
3009.275146 0.000000 539.827271 0.000000 0.830697 0.000000 -0.556725 0.816509 0.816509 0.816509
2939.823242 0.000000 479.765259 0.000000 0.618651 0.000000 -0.785666 0.825271 0.825271 0.825271
2998.096924 0.000000 501.605621 0.000000 0.524817 0.000000 0.851215 0.761358 0.761358 0.761358
2974.799316 0.000000 503.897217 0.000000 0.308143 0.000000 0.951340 0.752279 0.752279 0.752279
2977.985596 0.000000 495.269196 0.000000 0.996374 0.000000 0.085079 0.796427 0.796427 0.796427
2986.548828 0.000000 529.372437 0.000000 0.978702 0.000000 -0.205285 0.806607 0.806607 0.806607
3017.772217 0.000000 533.885010 0.000000 0.288272 0.000000 -0.957549 0.863831 0.863831 0.863831
2948.666748 0.000000 479.192047 0.000000 0.262257 0.000000 0.964998 0.737426 0.737426 0.737426
3019.559814 0.000000 541.686707 0.000000 0.905368 0.000000 0.424627 0.775475 0.775475 0.775475
3007.371582 0.000000 521.200806 0.000000 0.179198 0.000000 -0.983813 0.858326 0.858326 0.858326
2972.080078 0.000000 500.837677 0.000000 0.919923 0.000000 0.392098 0.780687 0.780687 0.780687
3005.430176 0.000000 514.460022 0.000000 0.644503 0.000000 0.764602 0.751324 0.751324 0.751324
3014.341553 0.000000 532.634460 0.000000 0.947515 0.000000 -0.319712 0.817549 0.817549 0.817549
2998.671875 0.000000 493.007538 0.000000 0.927596 0.000000 0.373586 0.771707 0.771707 0.771707
3016.899902 0.000000 539.449707 0.000000 0.895128 0.000000 -0.445809 0.831378 0.831378 0.831378
3012.727783 0.000000 539.680542 0.000000 0.896936 0.000000 0.442160 0.769813 0.769813 0.769813
2942.821289 0.000000 479.444214 0.000000 0.890576 0.000000 0.454835 0.758505 0.758505 0.758505
2962.676758 0.000000 494.622620 0.000000 0.682669 0.000000 -0.730727 0.893281 0.893281 0.893281
2960.905029 0.000000 489.953949 0.000000 0.939132 0.000000 -0.343555 0.843427 0.843427 0.843427
2973.868896 0.000000 490.299835 0.000000 0.012281 0.000000 -0.999925 1.011665 1.011665 1.011665
2975.476562 0.000000 494.999451 0.000000 0.831986 0.000000 -0.554797 0.863429 0.863429 0.863429
2966.837158 0.000000 481.688660 0.000000 0.278766 0.000000 -0.960359 1.010988 1.010988 1.010988
2962.318115 0.000000 482.863922 0.000000 0.328789 0.000000 0.944404 0.597613 0.597613 0.597613
2968.744873 0.000000 495.637604 0.000000 0.895448 0.000000 -0.445165 0.868187 0.868187 0.868187
2971.616699 0.000000 492.198059 0.000000 0.846335 0.000000 0.532651 0.715857 0.715857 0.715857
3054.366699 0.000000 301.658508 0.000000 0.867035 0.000000 0.498248 0.790625 0.790625 0.790625
3094.313721 0.000000 287.144073 0.000000 0.560310 0.000000 -0.828283 0.837038 0.837038 0.837038
3191.279053 0.000000 272.112976 0.000000 0.944222 0.000000 -0.329308 0.810053 0.810053 0.810053
3028.438721 0.000000 394.156036 0.000000 1.000000 0.000000 0.000550 0.799977 0.799977 0.799977
3165.754150 0.000000 380.648438 0.000000 0.554858 0.000000 0.831945 0.784300 0.784300 0.784300
3128.835693 0.000000 401.095123 0.000000 0.642039 0.000000 -0.766672 0.817449 0.817449 0.817449
3160.428711 0.000000 377.779602 0.000000 0.356133 0.000000 0.934435 0.773490 0.773490 0.773490
3172.130859 0.000000 397.634521 0.000000 0.846734 0.000000 -0.532017 0.813445 0.813445 0.813445
3182.560059 0.000000 400.757141 0.000000 0.354199 0.000000 -0.935170 0.838626 0.838626 0.838626
3190.235596 0.000000 398.143555 0.000000 0.875591 0.000000 -0.483052 0.826179 0.826179 0.826179
3146.531006 0.000000 392.190613 0.000000 0.304258 0.000000 -0.952590 0.862995 0.862995 0.862995
3147.174805 0.000000 381.079865 0.000000 0.757800 0.000000 0.652487 0.743210 0.743210 0.743210
3142.966553 0.000000 385.307739 0.000000 0.909095 0.000000 0.416590 0.767389 0.767389 0.767389
3153.002686 0.000000 389.478363 0.000000 0.683110 0.000000 0.730316 0.742764 0.742764 0.742764
3147.843262 0.000000 388.814697 0.000000 0.716467 0.000000 -0.697621 0.853970 0.853970 0.853970
3151.354736 0.000000 376.173645 0.000000 0.358260 0.000000 -0.933622 0.901029 0.901029 0.901029
3142.063477 0.000000 378.795074 0.000000 0.493907 0.000000 -0.869515 0.886327 0.886327 0.886327
3274.227783 0.000000 330.159180 0.000000 0.958313 0.000000 0.285721 0.782638 0.782638 0.782638
3283.884766 0.000000 320.501221 0.000000 0.993240 0.000000 -0.116081 0.809295 0.809295 0.809295
3278.190186 0.000000 329.211945 0.000000 0.835676 0.000000 -0.549223 0.856902 0.856902 0.856902
3282.000977 0.000000 324.071838 0.000000 0.910373 0.000000 -0.413789 0.843454 0.843454 0.843454
3210.668213 0.000000 384.452393 0.000000 0.292710 0.000000 0.956201 0.797456 0.797456 0.797456
3275.186035 0.000000 360.128082 0.000000 0.979348 0.000000 0.202180 0.797154 0.797154 0.797154
3193.594727 0.000000 384.110077 0.000000 0.679372 0.000000 -0.733794 0.818101 0.818101 0.818101
3202.538086 0.000000 396.317322 0.000000 0.222540 0.000000 0.974924 0.762353 0.762353 0.762353
3262.507568 0.000000 382.426392 0.000000 0.976273 0.000000 -0.216544 0.805231 0.805231 0.805231
3207.920898 0.000000 396.007782 0.000000 0.661689 0.000000 -0.749779 0.823704 0.823704 0.823704
3210.303223 0.000000 389.915863 0.000000 0.080099 0.000000 0.996787 0.755343 0.755343 0.755343
3248.088379 0.000000 394.224701 0.000000 0.629366 0.000000 0.777109 0.762669 0.762669 0.762669
3192.300049 0.000000 399.606293 0.000000 0.133420 0.000000 -0.991060 0.845920 0.845920 0.845920
3254.150391 0.000000 386.142792 0.000000 0.905822 0.000000 0.423660 0.780777 0.780777 0.780777
3231.300781 0.000000 384.731537 0.000000 0.453389 0.000000 0.891313 0.747262 0.747262 0.747262
3214.422852 0.000000 371.344269 0.000000 0.732978 0.000000 -0.680253 0.843330 0.843330 0.843330
3249.808594 0.000000 390.762207 0.000000 0.871518 0.000000 -0.490364 0.830708 0.830708 0.830708
3213.640137 0.000000 364.674713 0.000000 0.977391 0.000000 -0.211441 0.817020 0.817020 0.817020
3208.106934 0.000000 392.467377 0.000000 0.197707 0.000000 0.980261 0.712327 0.712327 0.712327
3218.505371 0.000000 362.798798 0.000000 0.330047 0.000000 -0.943965 0.901085 0.901085 0.901085
3214.653320 0.000000 358.653870 0.000000 0.994293 0.000000 -0.106682 0.809393 0.809393 0.809393
3212.345947 0.000000 356.930084 0.000000 0.948482 0.000000 -0.316833 0.828975 0.828975 0.828975
3355.106689 0.000000 393.728119 0.000000 0.250788 0.000000 0.968042 0.792107 0.792107 0.792107
3306.343262 0.000000 369.642883 0.000000 0.570497 0.000000 -0.821300 0.813473 0.813473 0.813473
3304.121338 0.000000 356.471191 0.000000 0.806812 0.000000 -0.590809 0.822723 0.822723 0.822723
3343.696777 0.000000 393.431274 0.000000 0.890729 0.000000 0.454534 0.783979 0.783979 0.783979
3355.766846 0.000000 356.886047 0.000000 0.980830 0.000000 0.194864 0.792558 0.792558 0.792558
3345.442139 0.000000 390.416931 0.000000 0.387723 0.000000 0.921776 0.708661 0.708661 0.708661
3336.828613 0.000000 389.287109 0.000000 0.945849 0.000000 0.324606 0.778211 0.778211 0.778211
3343.524658 0.000000 381.054688 0.000000 0.975949 0.000000 0.217999 0.778054 0.778054 0.778054
3319.032959 0.000000 364.850220 0.000000 0.820321 0.000000 -0.571904 0.852287 0.852287 0.852287
3339.576172 0.000000 391.028778 0.000000 0.509024 0.000000 0.860753 0.723387 0.723387 0.723387
3319.878418 0.000000 367.676178 0.000000 0.116942 0.000000 0.993139 0.646133 0.646133 0.646133
3316.535645 0.000000 359.748901 0.000000 0.428930 0.000000 0.903338 0.689659 0.689659 0.689659
3309.837646 0.000000 354.331085 0.000000 0.263388 0.000000 -0.964690 0.943271 0.943271 0.943271
3315.974854 0.000000 357.271576 0.000000 0.394917 0.000000 -0.918717 0.976808 0.976808 0.976808
3339.230957 0.000000 388.529877 0.000000 0.968157 0.000000 -0.250342 0.834870 0.834870 0.834870
3308.890625 0.000000 369.614105 0.000000 0.785226 0.000000 -0.619209 0.881351 0.881351 0.881351
3342.254150 0.000000 391.416382 0.000000 0.970064 0.000000 -0.242848 0.832335 0.832335 0.832335
3341.249756 0.000000 386.879089 0.000000 0.976878 0.000000 -0.213797 0.830983 0.830983 0.830983
3312.421143 0.000000 366.321808 0.000000 0.993460 0.000000 -0.114178 0.822625 0.822625 0.822625
3313.052002 0.000000 370.265411 0.000000 0.525245 0.000000 -0.850951 0.978884 0.978884 0.978884
3315.566162 0.000000 368.529205 0.000000 0.874671 0.000000 -0.484717 0.905111 0.905111 0.905111
3314.670410 0.000000 363.459412 0.000000 0.321236 0.000000 -0.946999 1.110511 1.110511 1.110511
3086.858887 0.000000 471.924164 0.000000 0.089974 0.000000 -0.995944 0.811829 0.811829 0.811829
3093.303955 0.000000 445.127716 0.000000 0.930364 0.000000 0.366637 0.791753 0.791753 0.791753
3050.392090 0.000000 419.014587 0.000000 0.000466 0.000000 -1.000000 0.843908 0.843908 0.843908
3030.590332 0.000000 444.307434 0.000000 0.986045 0.000000 0.166479 0.795657 0.795657 0.795657
3055.463135 0.000000 453.051086 0.000000 0.400472 0.000000 -0.916309 0.839344 0.839344 0.839344
3046.672852 0.000000 449.569550 0.000000 0.997352 0.000000 0.072728 0.797092 0.797092 0.797092
3080.104004 0.000000 462.209076 0.000000 0.788111 0.000000 0.615533 0.774838 0.774838 0.774838
3024.315674 0.000000 467.590668 0.000000 0.025962 0.000000 -0.999663 0.864793 0.864793 0.864793
3086.166016 0.000000 454.127167 0.000000 0.979976 0.000000 0.199117 0.791192 0.791192 0.791192
3060.149658 0.000000 444.481567 0.000000 0.868267 0.000000 -0.496097 0.821772 0.821772 0.821772
3102.973389 0.000000 450.228729 0.000000 0.906732 0.000000 0.421707 0.783480 0.783480 0.783480
3062.967285 0.000000 473.625946 0.000000 0.593996 0.000000 -0.804468 0.837340 0.837340 0.837340
3098.806641 0.000000 451.833374 0.000000 0.979459 0.000000 -0.201644 0.810138 0.810138 0.810138
3023.808105 0.000000 456.074646 0.000000 0.774765 0.000000 -0.632249 0.828707 0.828707 0.828707
3027.738037 0.000000 470.225586 0.000000 0.539308 0.000000 -0.842109 0.837992 0.837992 0.837992
3055.641846 0.000000 448.657349 0.000000 0.517239 0.000000 0.855841 0.756918 0.756918 0.756918
3028.438721 0.000000 462.140411 0.000000 0.836630 0.000000 -0.547769 0.824314 0.824314 0.824314
3057.823730 0.000000 429.096039 0.000000 0.987917 0.000000 0.154982 0.728208 0.728208 0.728208
3046.438477 0.000000 439.328644 0.000000 0.734569 0.000000 0.678534 0.762763 0.762763 0.762763
3054.984619 0.000000 421.984222 0.000000 0.934818 0.000000 -0.355128 0.820303 0.820303 0.820303
3081.824219 0.000000 458.746582 0.000000 0.972405 0.000000 0.233300 0.785421 0.785421 0.785421
3088.169678 0.000000 461.998169 0.000000 0.778393 0.000000 0.627777 0.753913 0.753913 0.753913
3038.946289 0.000000 439.582886 0.000000 0.999898 0.000000 -0.014271 0.800884 0.800884 0.800884
3040.408936 0.000000 435.629791 0.000000 0.559494 0.000000 0.828834 0.710238 0.710238 0.710238
3054.802979 0.000000 426.441528 0.000000 0.398326 0.000000 0.917244 0.259672 0.259672 0.259672
3105.937744 0.000000 460.147980 0.000000 0.731773 0.000000 -0.681549 0.868893 0.868893 0.868893
3060.795898 0.000000 424.055115 0.000000 0.700048 0.000000 -0.714095 0.858773 0.858773 0.858773
3091.036865 0.000000 464.460266 0.000000 0.331964 0.000000 -0.943292 0.923071 0.923071 0.923071
3096.032715 0.000000 452.958649 0.000000 0.452233 0.000000 0.891900 0.714199 0.714199 0.714199
3106.007568 0.000000 472.019806 0.000000 0.485354 0.000000 -0.874318 0.891380 0.891380 0.891380
3100.165283 0.000000 462.118378 0.000000 0.725650 0.000000 -0.688064 0.860622 0.860622 0.860622
3094.706055 0.000000 462.611908 0.000000 0.964953 0.000000 -0.262421 0.824395 0.824395 0.824395
3098.718262 0.000000 454.856567 0.000000 0.998973 0.000000 0.045301 0.795837 0.795837 0.795837
3077.636719 0.000000 460.673767 0.000000 0.235172 0.000000 0.971954 0.674833 0.674833 0.674833
3091.862061 0.000000 467.089539 0.000000 0.005518 0.000000 -0.999985 0.946933 0.946933 0.946933
3096.709229 0.000000 466.829803 0.000000 0.143133 0.000000 -0.989703 0.945370 0.945370 0.945370
3101.473633 0.000000 468.643555 0.000000 0.644797 0.000000 -0.764354 0.888621 0.888621 0.888621
3037.875244 0.000000 429.790344 0.000000 0.901514 0.000000 0.432749 0.735643 0.735643 0.735643
3052.737061 0.000000 427.653229 0.000000 0.993779 0.000000 -0.111367 0.848367 0.848367 0.848367
3055.608887 0.000000 424.213684 0.000000 0.945920 0.000000 -0.324399 0.936587 0.936587 0.936587
3056.957764 0.000000 426.979797 0.000000 0.204955 0.000000 0.978771 0.154177 0.154177 0.154177
3055.462891 0.000000 428.389496 0.000000 0.821090 0.000000 0.570799 0.514879 0.514879 0.514879
3051.729004 0.000000 429.319824 0.000000 0.123153 0.000000 -0.992388 1.317428 1.317428 1.317428
3050.373047 0.000000 432.601654 0.000000 0.996056 0.000000 -0.088724 0.818453 0.818453 0.818453
3049.201416 0.000000 429.592072 0.000000 0.572497 0.000000 0.819907 0.604176 0.604176 0.604176
3052.416260 0.000000 431.005310 0.000000 0.525560 0.000000 -0.850757 1.277529 1.277529 1.277529
3048.893555 0.000000 431.308380 0.000000 0.613607 0.000000 -0.789611 1.032683 1.032683 1.032683
3170.851074 0.000000 471.924164 0.000000 0.753985 0.000000 -0.656891 0.805726 0.805726 0.805726
3140.013916 0.000000 418.399780 0.000000 0.593328 0.000000 0.804961 0.790657 0.790657 0.790657
3125.553711 0.000000 414.741364 0.000000 0.932251 0.000000 -0.361812 0.808133 0.808133 0.808133
3181.035645 0.000000 433.958466 0.000000 0.013515 0.000000 -0.999909 0.827992 0.827992 0.827992
3151.620850 0.000000 438.899780 0.000000 0.991208 0.000000 0.132313 0.796555 0.796555 0.796555
3170.073242 0.000000 437.730865 0.000000 0.915340 0.000000 -0.402683 0.810761 0.810761 0.810761
3157.250732 0.000000 438.814056 0.000000 0.016238 0.000000 0.999868 0.756532 0.756532 0.756532
3107.807617 0.000000 411.780884 0.000000 0.899196 0.000000 0.437546 0.784624 0.784624 0.784624
3110.345459 0.000000 447.048737 0.000000 0.999931 0.000000 0.011759 0.799577 0.799577 0.799577
3139.455322 0.000000 453.051086 0.000000 0.655615 0.000000 -0.755096 0.835894 0.835894 0.835894
3148.239258 0.000000 463.572144 0.000000 0.493870 0.000000 -0.869536 0.844218 0.844218 0.844218
3154.533203 0.000000 461.388062 0.000000 0.731768 0.000000 -0.681554 0.826959 0.826959 0.826959
3122.706299 0.000000 454.585541 0.000000 0.470999 0.000000 0.882134 0.754687 0.754687 0.754687
3146.959473 0.000000 473.625946 0.000000 0.619671 0.000000 0.784862 0.762148 0.762148 0.762148
3112.871826 0.000000 413.570923 0.000000 0.973438 0.000000 -0.228950 0.808766 0.808766 0.808766
3113.619629 0.000000 453.681305 0.000000 0.430743 0.000000 0.902475 0.752795 0.752795 0.752795
3147.308594 0.000000 452.715912 0.000000 0.768034 0.000000 -0.640410 0.831927 0.831927 0.831927
3139.634033 0.000000 448.657349 0.000000 0.875445 0.000000 -0.483317 0.820150 0.820150 0.820150
3189.798584 0.000000 439.686890 0.000000 0.193183 0.000000 0.981163 0.745020 0.745020 0.745020
3111.673584 0.000000 474.320648 0.000000 0.075889 0.000000 -0.997116 0.889566 0.889566 0.889566
3182.325928 0.000000 464.650116 0.000000 0.012941 0.000000 -0.999916 0.887119 0.887119 0.887119
3145.179199 0.000000 465.815369 0.000000 0.559833 0.000000 0.828606 0.743435 0.743435 0.743435
3115.900391 0.000000 456.469971 0.000000 0.494025 0.000000 0.869448 0.738948 0.738948 0.738948
3161.382324 0.000000 473.774963 0.000000 0.916009 0.000000 0.401158 0.765374 0.765374 0.765374
3178.772705 0.000000 468.887512 0.000000 0.985564 0.000000 0.169301 0.787768 0.787768 0.787768
3115.457520 0.000000 463.175720 0.000000 0.973478 0.000000 -0.228780 0.819362 0.819362 0.819362
3166.213135 0.000000 470.132385 0.000000 0.549003 0.000000 -0.835820 0.883014 0.883014 0.883014
3110.205811 0.000000 465.180695 0.000000 0.870818 0.000000 -0.491606 0.850296 0.850296 0.850296
3123.421387 0.000000 451.719299 0.000000 0.388222 0.000000 -0.921566 0.910025 0.910025 0.910025
3178.698242 0.000000 462.611908 0.000000 0.874434 0.000000 0.485144 0.755487 0.755487 0.755487
3114.565186 0.000000 469.748993 0.000000 0.800789 0.000000 0.598947 0.741001 0.741001 0.741001
3120.756104 0.000000 452.510803 0.000000 0.476789 0.000000 0.879018 0.697058 0.697058 0.697058
3110.980225 0.000000 467.736328 0.000000 0.716087 0.000000 -0.698011 0.878698 0.878698 0.878698
3108.882324 0.000000 470.086487 0.000000 0.885435 0.000000 0.464762 0.751730 0.751730 0.751730
3121.097656 0.000000 456.471680 0.000000 0.910479 0.000000 -0.413555 0.859607 0.859607 0.859607
3118.418945 0.000000 459.054230 0.000000 0.430827 0.000000 -0.902435 1.015776 1.015776 1.015776
3037.634521 0.000000 517.108215 0.000000 0.964479 0.000000 -0.264159 0.806941 0.806941 0.806941
3107.286865 0.000000 476.066101 0.000000 0.910386 0.000000 -0.413760 0.812780 0.812780 0.812780
3030.590332 0.000000 512.291809 0.000000 0.024475 0.000000 0.999700 0.756763 0.756763 0.756763
3034.359375 0.000000 522.081482 0.000000 0.781698 0.000000 0.623657 0.781170 0.781170 0.781170
3057.653564 0.000000 480.763885 0.000000 0.253728 0.000000 0.967276 0.765876 0.765876 0.765876
3082.089111 0.000000 501.605621 0.000000 0.880136 0.000000 0.474721 0.780241 0.780241 0.780241
3064.247070 0.000000 531.556519 0.000000 0.995529 0.000000 -0.094457 0.803212 0.803212 0.803212
3071.491943 0.000000 477.559753 0.000000 0.018604 0.000000 -0.999827 0.858902 0.858902 0.858902
3065.934814 0.000000 477.267303 0.000000 0.999712 0.000000 0.023986 0.798994 0.798994 0.798994
3101.764404 0.000000 533.885010 0.000000 0.885117 0.000000 0.465369 0.776798 0.776798 0.776798
3076.628174 0.000000 509.576599 0.000000 0.777383 0.000000 0.629027 0.774184 0.774184 0.774184
3053.285156 0.000000 542.247070 0.000000 0.758456 0.000000 -0.651724 0.845368 0.845368 0.845368
3096.892090 0.000000 512.265564 0.000000 0.482871 0.000000 -0.875691 0.874578 0.874578 0.874578
3103.477295 0.000000 514.917542 0.000000 0.818267 0.000000 0.574839 0.759637 0.759637 0.759637
3043.875488 0.000000 540.701660 0.000000 0.904514 0.000000 -0.426444 0.840475 0.840475 0.840475
3096.233398 0.000000 515.613586 0.000000 0.792824 0.000000 -0.609451 0.845812 0.845812 0.845812
3101.469971 0.000000 512.439331 0.000000 0.647282 0.000000 -0.762250 0.860591 0.860591 0.860591
3050.129150 0.000000 542.691589 0.000000 0.812054 0.000000 0.583582 0.743996 0.743996 0.743996
3121.228271 0.000000 510.758209 0.000000 0.771164 0.000000 -0.636637 0.805513 0.805513 0.805513
3126.974121 0.000000 514.000244 0.000000 0.961613 0.000000 -0.274410 0.805552 0.805552 0.805552
3161.212891 0.000000 525.700989 0.000000 0.292020 0.000000 0.956412 0.761819 0.761819 0.761819
3164.096191 0.000000 530.193420 0.000000 0.500420 0.000000 -0.865783 0.831358 0.831358 0.831358
3173.370117 0.000000 496.130157 0.000000 0.947130 0.000000 0.320850 0.786301 0.786301 0.786301
3133.478271 0.000000 477.419434 0.000000 0.538005 0.000000 0.842941 0.763952 0.763952 0.763952
3149.927002 0.000000 477.267303 0.000000 0.933997 0.000000 -0.357281 0.813864 0.813864 0.813864
3146.959473 0.000000 541.610352 0.000000 0.682809 0.000000 0.730597 0.770550 0.770550 0.770550
3139.634033 0.000000 516.641724 0.000000 0.940289 0.000000 0.340377 0.786126 0.786126 0.786126
3162.045898 0.000000 486.973663 0.000000 0.712650 0.000000 -0.701520 0.848140 0.848140 0.848140
3108.968994 0.000000 475.932983 0.000000 0.355430 0.000000 0.934703 0.730066 0.730066 0.730066
3137.277344 0.000000 542.247070 0.000000 0.079484 0.000000 0.996836 0.728520 0.728520 0.728520
3181.453857 0.000000 498.039581 0.000000 0.891559 0.000000 0.452905 0.775593 0.775593 0.775593
3161.924561 0.000000 537.739136 0.000000 0.520267 0.000000 -0.854004 0.849067 0.849067 0.849067
3182.325928 0.000000 532.634460 0.000000 0.822260 0.000000 0.569113 0.762515 0.762515 0.762515
3162.706543 0.000000 491.844543 0.000000 0.493709 0.000000 -0.869627 0.865285 0.865285 0.865285
3147.174805 0.000000 517.048584 0.000000 0.743568 0.000000 -0.668660 0.851198 0.851198 0.851198
3167.597900 0.000000 519.713440 0.000000 0.164564 0.000000 -0.986366 0.906669 0.906669 0.906669
3186.918945 0.000000 526.307922 0.000000 0.643795 0.000000 0.765198 0.746051 0.746051 0.746051
3127.870605 0.000000 533.739075 0.000000 0.057382 0.000000 -0.998352 0.929971 0.929971 0.929971
3162.456299 0.000000 516.389832 0.000000 0.995615 0.000000 -0.093548 0.808607 0.808607 0.808607
3134.761475 0.000000 525.147583 0.000000 0.535355 0.000000 -0.844627 0.900448 0.900448 0.900448
3125.228760 0.000000 475.933685 0.000000 0.786383 0.000000 0.617739 0.744145 0.744145 0.744145
3142.063477 0.000000 514.763855 0.000000 0.989948 0.000000 -0.141430 0.810770 0.810770 0.810770
3129.584229 0.000000 520.387634 0.000000 0.962680 0.000000 -0.270642 0.832294 0.832294 0.832294
3125.744629 0.000000 523.202759 0.000000 0.880141 0.000000 0.474712 0.744677 0.744677 0.744677
3128.122070 0.000000 483.893951 0.000000 0.571958 0.000000 -0.820283 0.890294 0.890294 0.890294
3132.343750 0.000000 526.099731 0.000000 0.811885 0.000000 0.583818 0.714086 0.714086 0.714086
3128.414062 0.000000 525.253113 0.000000 0.934805 0.000000 -0.355162 0.858739 0.858739 0.858739
3129.893799 0.000000 528.791870 0.000000 0.617946 0.000000 0.786220 0.613896 0.613896 0.613896
3168.825439 0.000000 520.995239 0.000000 0.334215 0.000000 -0.942497 1.107082 1.107082 1.107082
3230.395020 0.000000 469.263733 0.000000 0.979771 0.000000 0.200122 0.797988 0.797988 0.797988
3221.052734 0.000000 464.203094 0.000000 0.170157 0.000000 -0.985417 0.825162 0.825162 0.825162
3236.313232 0.000000 419.408691 0.000000 0.986007 0.000000 -0.166703 0.805018 0.805018 0.805018
3191.799805 0.000000 411.780884 0.000000 0.189233 0.000000 -0.981932 0.844112 0.844112 0.844112
3198.574707 0.000000 444.307434 0.000000 0.396731 0.000000 0.917935 0.772130 0.772130 0.772130
3210.303223 0.000000 457.900238 0.000000 0.898594 0.000000 -0.438781 0.812701 0.812701 0.812701
3243.177734 0.000000 424.221466 0.000000 0.927730 0.000000 0.373252 0.785485 0.785485 0.785485
3194.337646 0.000000 447.048737 0.000000 0.025247 0.000000 0.999681 0.744437 0.744437 0.744437
3191.792480 0.000000 456.074646 0.000000 0.979013 0.000000 -0.203798 0.808198 0.808198 0.808198
3197.611816 0.000000 453.681305 0.000000 0.351911 0.000000 0.936033 0.754039 0.754039 0.754039
3275.597412 0.000000 446.956604 0.000000 0.987278 0.000000 -0.159006 0.810525 0.810525 0.810525
3213.946289 0.000000 459.004730 0.000000 0.452565 0.000000 -0.891731 0.879174 0.879174 0.879174
3220.871338 0.000000 467.625946 0.000000 0.819356 0.000000 -0.573285 0.852431 0.852431 0.852431
3245.374512 0.000000 473.774963 0.000000 0.452989 0.000000 0.891516 0.714265 0.714265 0.714265
3224.538818 0.000000 464.482544 0.000000 0.943270 0.000000 -0.332026 0.828391 0.828391 0.828391
3250.205322 0.000000 470.132385 0.000000 0.994880 0.000000 -0.101062 0.809705 0.809705 0.809705
3216.020508 0.000000 469.046509 0.000000 0.936161 0.000000 -0.351571 0.828700 0.828700 0.828700
3249.440918 0.000000 475.797974 0.000000 0.562912 0.000000 0.826517 0.722276 0.722276 0.722276
3264.017090 0.000000 452.958649 0.000000 0.891218 0.000000 0.453575 0.760510 0.760510 0.760510
3213.576416 0.000000 452.403259 0.000000 0.787390 0.000000 -0.616456 0.863678 0.863678 0.863678
3266.702637 0.000000 454.856567 0.000000 0.632223 0.000000 0.774786 0.723877 0.723877 0.723877
3316.698730 0.000000 434.973877 0.000000 0.600858 0.000000 -0.799356 0.827748 0.827748 0.827748
3300.571533 0.000000 465.960907 0.000000 0.652743 0.000000 0.757579 0.767380 0.767380 0.767380
3344.142822 0.000000 415.052032 0.000000 0.619179 0.000000 -0.785250 0.836074 0.836074 0.836074
3354.062500 0.000000 408.270874 0.000000 0.996624 0.000000 -0.082097 0.803447 0.803447 0.803447
3351.888916 0.000000 418.415833 0.000000 0.777296 0.000000 -0.629135 0.827180 0.827180 0.827180
3357.997803 0.000000 416.448059 0.000000 0.488834 0.000000 0.872377 0.755540 0.755540 0.755540
3328.604736 0.000000 441.592224 0.000000 0.297077 0.000000 0.954853 0.746769 0.746769 0.746769
3287.466309 0.000000 474.066650 0.000000 0.952228 0.000000 0.305387 0.788223 0.788223 0.788223
3299.722168 0.000000 472.869659 0.000000 0.980032 0.000000 0.198842 0.792004 0.792004 0.792004
3298.415039 0.000000 439.328644 0.000000 0.125384 0.000000 0.992108 0.710529 0.710529 0.710529
3306.961182 0.000000 421.984222 0.000000 0.399573 0.000000 -0.916701 0.876437 0.876437 0.876437
3296.107910 0.000000 435.771545 0.000000 0.940802 0.000000 -0.338958 0.817957 0.817957 0.817957
3310.794434 0.000000 416.154236 0.000000 0.944739 0.000000 -0.327824 0.820679 0.820679 0.820679
3302.069580 0.000000 438.644531 0.000000 0.420658 0.000000 0.907219 0.720546 0.720546 0.720546
3315.877930 0.000000 418.989014 0.000000 0.510417 0.000000 0.859927 0.723506 0.723506 0.723506
3306.779541 0.000000 426.441528 0.000000 0.923226 0.000000 -0.384257 0.833084 0.833084 0.833084
3283.441895 0.000000 463.175720 0.000000 0.800524 0.000000 -0.599301 0.857757 0.857757 0.857757
3312.772461 0.000000 424.055115 0.000000 0.418609 0.000000 -0.908167 0.888710 0.888710 0.888710
3278.190186 0.000000 465.180695 0.000000 0.879702 0.000000 0.475526 0.753482 0.753482 0.753482
3303.682373 0.000000 436.391083 0.000000 0.905895 0.000000 -0.423503 0.841050 0.841050 0.841050
3284.215820 0.000000 465.741425 0.000000 0.447428 0.000000 -0.894320 0.906117 0.906117 0.906117
3310.744385 0.000000 433.029907 0.000000 0.780833 0.000000 0.624740 0.716441 0.716441 0.716441
3311.445312 0.000000 427.015076 0.000000 0.386888 0.000000 -0.922127 0.928911 0.928911 0.928911
3305.763672 0.000000 432.132355 0.000000 0.131889 0.000000 0.991264 0.567281 0.567281 0.567281
3308.555908 0.000000 435.035950 0.000000 0.997541 0.000000 -0.070091 0.811909 0.811909 0.811909
3307.998779 0.000000 430.489105 0.000000 0.972886 0.000000 -0.231286 0.838225 0.838225 0.838225
3221.052734 0.000000 532.187500 0.000000 0.668537 0.000000 -0.743679 0.816748 0.816748 0.816748
3225.049561 0.000000 541.275085 0.000000 0.004867 0.000000 -0.999988 0.834403 0.834403 0.834403
3249.377930 0.000000 489.539398 0.000000 0.040388 0.000000 -0.999184 0.842792 0.842792 0.842792
3225.161377 0.000000 535.810547 0.000000 0.970960 0.000000 0.239243 0.793245 0.793245 0.793245
3241.853027 0.000000 481.767059 0.000000 0.782977 0.000000 -0.622051 0.824136 0.824136 0.824136
3191.974609 0.000000 488.614319 0.000000 0.999999 0.000000 -0.001103 0.800046 0.800046 0.800046
3194.891846 0.000000 506.313690 0.000000 0.157210 0.000000 0.987565 0.743561 0.743561 0.743561
3201.191162 0.000000 509.205536 0.000000 0.796339 0.000000 -0.604851 0.833731 0.833731 0.833731
3238.877197 0.000000 484.587982 0.000000 0.229465 0.000000 -0.973317 0.888270 0.888270 0.888270
3250.648438 0.000000 493.007538 0.000000 0.885842 0.000000 -0.463987 0.838546 0.838546 0.838546
3244.347412 0.000000 495.711243 0.000000 0.990257 0.000000 -0.139252 0.813114 0.813114 0.813114
3252.181396 0.000000 490.307709 0.000000 0.423121 0.000000 -0.906073 0.904176 0.904176 0.904176
3260.416748 0.000000 486.286224 0.000000 0.387489 0.000000 -0.921874 0.910099 0.910099 0.910099
3239.250244 0.000000 480.512909 0.000000 0.999422 0.000000 -0.033999 0.802988 0.802988 0.802988
3280.700439 0.000000 477.225830 0.000000 0.705130 0.000000 -0.709078 0.809445 0.809445 0.809445
3292.569336 0.000000 541.110352 0.000000 0.781805 0.000000 -0.623524 0.821514 0.821514 0.821514
3289.247070 0.000000 481.695679 0.000000 0.660309 0.000000 -0.750994 0.833936 0.833936 0.833936
3280.856201 0.000000 481.555298 0.000000 0.661907 0.000000 -0.749586 0.833851 0.833851 0.833851
3284.635498 0.000000 479.192047 0.000000 0.998960 0.000000 -0.045603 0.801913 0.801913 0.801913
3299.722168 0.000000 540.854004 0.000000 0.586351 0.000000 0.810057 0.762282 0.762282 0.762282
3367.400635 0.000000 404.512787 0.000000 0.502861 0.000000 0.864367 0.777066 0.777066 0.777066
3377.530273 0.000000 346.756989 0.000000 0.754391 0.000000 -0.656425 0.812871 0.812871 0.812871
3383.935303 0.000000 367.731995 0.000000 0.961616 0.000000 0.274398 0.795004 0.795004 0.795004
3416.072754 0.000000 394.224701 0.000000 0.999744 0.000000 0.022631 0.799051 0.799051 0.799051
3361.130615 0.000000 361.831665 0.000000 0.976343 0.000000 0.216229 0.791294 0.791294 0.791294
3409.357422 0.000000 398.677368 0.000000 0.405970 0.000000 -0.913886 0.843744 0.843744 0.843744
3368.947510 0.000000 400.280029 0.000000 0.846153 0.000000 -0.532939 0.823574 0.823574 0.823574
3359.776855 0.000000 388.090271 0.000000 0.883921 0.000000 0.467635 0.779590 0.779590 0.779590
3370.117920 0.000000 351.459869 0.000000 0.061401 0.000000 -0.998113 0.863306 0.863306 0.863306
3387.546143 0.000000 377.761139 0.000000 0.420863 0.000000 -0.907124 0.847663 0.847663 0.847663
3371.281982 0.000000 355.455872 0.000000 0.965080 0.000000 -0.261954 0.811117 0.811117 0.811117
3481.061035 0.000000 363.831085 0.000000 0.612993 0.000000 -0.790089 0.812736 0.812736 0.812736
3461.625488 0.000000 357.605377 0.000000 0.999979 0.000000 -0.006487 0.800220 0.800220 0.800220
3449.588379 0.000000 385.696930 0.000000 0.967393 0.000000 -0.253281 0.809717 0.809717 0.809717
3504.812988 0.000000 389.287109 0.000000 0.283716 0.000000 0.958908 0.689803 0.689803 0.689803
3516.194336 0.000000 379.644836 0.000000 0.192308 0.000000 -0.981335 0.929286 0.929286 0.929286
3507.992676 0.000000 372.354858 0.000000 0.962780 0.000000 -0.270286 0.824598 0.824598 0.824598
3512.996582 0.000000 367.680725 0.000000 0.308916 0.000000 0.951089 0.697089 0.697089 0.697089
3480.756836 0.000000 356.070740 0.000000 0.886583 0.000000 0.462569 0.759661 0.759661 0.759661
3508.438721 0.000000 384.789246 0.000000 0.608339 0.000000 0.793677 0.682808 0.682808 0.682808
3505.854980 0.000000 382.185760 0.000000 0.991865 0.000000 0.127292 0.787254 0.787254 0.787254
3513.643799 0.000000 379.718323 0.000000 0.265058 0.000000 -0.964232 0.940479 0.940479 0.940479
3512.342773 0.000000 383.236511 0.000000 0.989877 0.000000 0.141930 0.780659 0.780659 0.780659
3438.241943 0.000000 454.626495 0.000000 0.389764 0.000000 0.920915 0.776624 0.776624 0.776624
3409.227295 0.000000 438.814056 0.000000 0.327996 0.000000 -0.944679 0.834577 0.834577 0.834577
3410.750000 0.000000 430.232910 0.000000 0.951245 0.000000 0.308437 0.789980 0.789980 0.789980
3425.346680 0.000000 428.145782 0.000000 0.539048 0.000000 0.842275 0.759996 0.759996 0.759996
3420.150146 0.000000 428.318298 0.000000 0.963086 0.000000 0.269193 0.789113 0.789113 0.789113
3417.144531 0.000000 437.428680 0.000000 0.764367 0.000000 0.644782 0.760813 0.760813 0.760813
3425.089844 0.000000 435.147125 0.000000 0.773409 0.000000 -0.633907 0.832911 0.832911 0.832911
3493.925781 0.000000 419.142761 0.000000 0.580109 0.000000 0.814539 0.792395 0.792395 0.792395
3463.854004 0.000000 409.828674 0.000000 0.950517 0.000000 -0.310673 0.810726 0.810726 0.810726
3491.452881 0.000000 409.575378 0.000000 0.216200 0.000000 0.976349 0.754066 0.754066 0.754066
3020.171631 0.000000 564.625854 0.000000 0.347383 0.000000 -0.937723 0.916577 0.916577 0.916577
3022.183594 0.000000 558.987610 0.000000 0.736583 0.000000 -0.676347 0.869726 0.869726 0.869726
3016.760254 0.000000 561.236389 0.000000 0.960616 0.000000 -0.277880 0.826433 0.826433 0.826433
3054.021729 0.000000 544.413696 0.000000 0.346885 0.000000 0.937908 0.780562 0.780562 0.780562
3057.818359 0.000000 560.988342 0.000000 0.982666 0.000000 -0.185386 0.804469 0.804469 0.804469
3052.144775 0.000000 560.424316 0.000000 0.019319 0.000000 -0.999813 0.843381 0.843381 0.843381
3055.463135 0.000000 589.019836 0.000000 0.580606 0.000000 -0.814184 0.828500 0.828500 0.828500
3064.247070 0.000000 599.540894 0.000000 0.568689 0.000000 0.822552 0.765276 0.765276 0.765276
3103.790283 0.000000 560.839172 0.000000 0.820552 0.000000 -0.571572 0.826734 0.826734 0.826734
3051.957031 0.000000 547.468567 0.000000 0.754265 0.000000 -0.656570 0.862944 0.862944 0.862944
3046.811035 0.000000 546.956177 0.000000 0.520957 0.000000 -0.853583 0.893970 0.893970 0.893970
3041.819580 0.000000 554.342896 0.000000 0.955764 0.000000 0.294135 0.776745 0.776745 0.776745
3047.826904 0.000000 552.916809 0.000000 0.843102 0.000000 0.537753 0.748971 0.748971 0.748971
3047.305908 0.000000 556.553467 0.000000 0.513566 0.000000 -0.858050 0.884463 0.884463 0.884463
3023.744141 0.000000 563.302124 0.000000 0.551765 0.000000 -0.834000 0.894556 0.894556 0.894556
3044.129883 0.000000 551.878296 0.000000 0.972691 0.000000 0.232103 0.778012 0.778012 0.778012
3175.956299 0.000000 574.670410 0.000000 0.993661 0.000000 -0.112423 0.801125 0.801125 0.801125
3165.754150 0.000000 584.601562 0.000000 0.719483 0.000000 -0.694510 0.812267 0.812267 0.812267
3155.821045 0.000000 584.970764 0.000000 0.738023 0.000000 -0.674776 0.829586 0.829586 0.829586
3139.455322 0.000000 589.019836 0.000000 0.811756 0.000000 -0.583997 0.823666 0.823666 0.823666
3130.665039 0.000000 585.538269 0.000000 0.047796 0.000000 0.998857 0.751332 0.751332 0.751332
3148.239258 0.000000 599.540894 0.000000 0.848017 0.000000 -0.529968 0.822312 0.822312 0.822312
3154.533203 0.000000 597.356812 0.000000 0.464426 0.000000 0.885612 0.754375 0.754375 0.754375
3109.154053 0.000000 565.784790 0.000000 0.001860 0.000000 -0.999998 0.850137 0.850137 0.850137
3183.904541 0.000000 554.384583 0.000000 0.080771 0.000000 -0.996733 0.877370 0.877370 0.877370
3139.634033 0.000000 584.626099 0.000000 0.782263 0.000000 -0.622948 0.828206 0.828206 0.828206
3174.052734 0.000000 605.279968 0.000000 0.430433 0.000000 -0.902622 0.847219 0.847219 0.847219
3141.844971 0.000000 544.050049 0.000000 0.470476 0.000000 -0.882413 0.864768 0.864768 0.864768
3182.578857 0.000000 618.178101 0.000000 0.432590 0.000000 -0.901591 0.840388 0.840388 0.840388
3176.158447 0.000000 619.005127 0.000000 0.424463 0.000000 -0.905445 0.833926 0.833926 0.833926
3272.002197 0.000000 556.310181 0.000000 0.942156 0.000000 -0.335175 0.802048 0.802048 0.802048
3266.298584 0.000000 576.674805 0.000000 0.164057 0.000000 0.986451 0.766303 0.766303 0.766303
3229.171387 0.000000 601.784119 0.000000 0.092311 0.000000 -0.995730 0.879721 0.879721 0.879721
3277.022461 0.000000 560.600098 0.000000 0.721179 0.000000 -0.692749 0.819870 0.819870 0.819870
3294.228271 0.000000 557.443054 0.000000 0.402744 0.000000 0.915313 0.751503 0.751503 0.751503
8033.471191 0.000000 3733.004883 0.000000 0.984431 0.000000 -0.175774 0.810940 0.810940 0.810940
8048.574707 0.000000 3698.915039 0.000000 0.993486 0.000000 -0.113952 0.810492 0.810492 0.810492
8052.917480 0.000000 3699.394043 0.000000 0.288617 0.000000 -0.957445 1.062908 1.062908 1.062908
8037.419922 0.000000 3728.662598 0.000000 0.984724 0.000000 -0.174124 0.847539 0.847539 0.847539
8039.187500 0.000000 3751.373779 0.000000 0.207701 0.000000 -0.978192 0.993076 0.993076 0.993076
7701.330566 0.000000 3883.505127 0.000000 0.926618 0.000000 0.376004 0.726860 0.726860 0.726860
7526.779297 0.000000 4027.393311 0.000000 0.446351 0.000000 -0.894858 0.830984 0.830984 0.830984
7525.422363 0.000000 4025.206055 0.000000 0.401090 0.000000 0.916039 0.628839 0.628839 0.628839
7604.645996 0.000000 4011.024414 0.000000 0.591010 0.000000 -0.806664 0.814995 0.814995 0.814995
7842.595703 0.000000 3933.709717 0.000000 0.163510 0.000000 -0.986542 1.007882 1.007882 1.007882
7975.261230 0.000000 3811.959229 0.000000 0.655082 0.000000 -0.755558 0.810264 0.810264 0.810264
7943.630859 0.000000 3856.081299 0.000000 0.431107 0.000000 -0.902301 0.824718 0.824718 0.824718
7938.937012 0.000000 3861.677979 0.000000 0.075941 0.000000 0.997112 0.671626 0.671626 0.671626
7936.352051 0.000000 3860.384033 0.000000 0.136291 0.000000 0.990669 0.579457 0.579457 0.579457
8046.576172 0.000000 3863.678955 0.000000 0.999608 0.000000 -0.027984 0.802683 0.802683 0.802683
8010.808594 0.000000 3867.782959 0.000000 0.634313 0.000000 -0.773076 0.965902 0.965902 0.965902
7923.503906 0.000000 3878.702881 0.000000 0.762503 0.000000 -0.646984 0.847780 0.847780 0.847780
7922.376465 0.000000 3880.907471 0.000000 0.118140 0.000000 -0.992997 1.023358 1.023358 1.023358
7946.345703 0.000000 3917.701172 0.000000 0.822783 0.000000 0.568356 0.644253 0.644253 0.644253
7780.952637 0.000000 4008.962402 0.000000 0.466774 0.000000 0.884376 0.726311 0.726311 0.726311
7782.157715 0.000000 4007.083984 0.000000 0.445113 0.000000 0.895474 0.613862 0.613862 0.613862
7876.059570 0.000000 3985.236816 0.000000 0.655252 0.000000 0.755411 0.793159 0.793159 0.793159
7889.028320 0.000000 4003.831055 0.000000 0.427989 0.000000 0.903784 0.685049 0.685049 0.685049
7893.623535 0.000000 3954.120605 0.000000 0.944067 0.000000 -0.329754 0.849666 0.849666 0.849666
7890.916992 0.000000 3999.350586 0.000000 0.240829 0.000000 -0.970567 0.956438 0.956438 0.956438
7891.259277 0.000000 4002.379150 0.000000 0.286693 0.000000 0.958023 0.603149 0.603149 0.603149
7887.283203 0.000000 4001.983398 0.000000 0.984276 0.000000 0.176636 0.770210 0.770210 0.770210
7877.738281 0.000000 3986.510254 0.000000 0.962676 0.000000 -0.270656 0.851455 0.851455 0.851455
7835.937012 0.000000 3954.059326 0.000000 0.195254 0.000000 0.980753 0.550227 0.550227 0.550227
7832.257324 0.000000 4002.460205 0.000000 0.645830 0.000000 0.763481 0.558839 0.558839 0.558839
7798.761719 0.000000 4032.730469 0.000000 0.573839 0.000000 0.818968 0.593010 0.593010 0.593010
7860.721191 0.000000 4054.422119 0.000000 0.650453 0.000000 0.759546 0.688015 0.688015 0.688015
7884.172363 0.000000 4031.301025 0.000000 0.728782 0.000000 0.684746 0.635800 0.635800 0.635800
7886.321289 0.000000 4031.463867 0.000000 0.898093 0.000000 -0.439806 0.940064 0.940064 0.940064
7862.541992 0.000000 4050.060303 0.000000 0.403933 0.000000 0.914789 0.548561 0.548561 0.548561
8018.431641 0.000000 3965.008545 0.000000 0.233661 0.000000 -0.972318 0.975971 0.975971 0.975971
7988.808594 0.000000 4009.173584 0.000000 0.956667 0.000000 -0.291184 0.846029 0.846029 0.846029
7602.155273 0.000000 4085.291016 0.000000 0.986788 0.000000 0.162016 0.766848 0.766848 0.766848
7876.724609 0.000000 4115.420410 0.000000 0.222128 0.000000 -0.975018 1.017880 1.017880 1.017880
7868.678711 0.000000 4094.623047 0.000000 0.819405 0.000000 0.573215 0.664673 0.664673 0.664673
7867.320801 0.000000 4090.897949 0.000000 0.138398 0.000000 0.990377 0.476826 0.476826 0.476826
7730.135254 0.000000 4158.326172 0.000000 0.548508 0.000000 0.836145 0.651673 0.651673 0.651673
7773.551270 0.000000 4194.493164 0.000000 0.711624 0.000000 -0.702560 0.893350 0.893350 0.893350
7899.002441 0.000000 4113.246582 0.000000 0.888001 0.000000 -0.459841 0.917380 0.917380 0.917380
7904.355957 0.000000 4135.382812 0.000000 0.442119 0.000000 0.896956 0.506617 0.506617 0.506617
7979.518555 0.000000 4116.293945 0.000000 0.919114 0.000000 0.393991 0.749853 0.749853 0.749853
7904.159668 0.000000 4165.469238 0.000000 0.647558 0.000000 0.762016 0.751547 0.751547 0.751547
7902.334961 0.000000 4164.067383 0.000000 0.996970 0.000000 0.077787 0.787714 0.787714 0.787714
8145.469238 0.000000 3655.413574 0.000000 0.553088 0.000000 -0.833123 0.864902 0.864902 0.864902
8130.785156 0.000000 3629.746826 0.000000 0.609605 0.000000 0.792705 0.604410 0.604410 0.604410
8147.522949 0.000000 3658.005371 0.000000 0.246856 0.000000 -0.969052 0.826391 0.826391 0.826391
8184.866699 0.000000 3613.599365 0.000000 0.055126 0.000000 0.998479 0.603239 0.603239 0.603239
8232.285156 0.000000 3632.448242 0.000000 0.957584 0.000000 0.288155 0.745124 0.745124 0.745124
8101.046387 0.000000 3734.868164 0.000000 0.106150 0.000000 0.994350 0.592336 0.592336 0.592336
8105.902832 0.000000 3728.087891 0.000000 0.079576 0.000000 -0.996829 1.011449 1.011449 1.011449
8172.009766 0.000000 3703.239014 0.000000 0.883803 0.000000 0.467860 0.714430 0.714430 0.714430
8064.013672 0.000000 3766.111084 0.000000 0.999950 0.000000 -0.009961 0.800159 0.800159 0.800159
8077.443359 0.000000 3763.605469 0.000000 0.205263 0.000000 -0.978707 0.876282 0.876282 0.876282
8139.979980 0.000000 3742.532959 0.000000 0.630899 0.000000 0.775865 0.732599 0.732599 0.732599
8075.205566 0.000000 3761.570312 0.000000 0.985386 0.000000 -0.170339 0.818119 0.818119 0.818119
8140.721191 0.000000 3745.058838 0.000000 0.919795 0.000000 0.392399 0.742819 0.742819 0.742819
8069.534180 0.000000 3805.803467 0.000000 0.684722 0.000000 0.728804 0.684207 0.684207 0.684207
8066.343750 0.000000 3766.480713 0.000000 0.280292 0.000000 0.959915 0.589273 0.589273 0.589273
8072.800781 0.000000 3805.220459 0.000000 0.971563 0.000000 0.236780 0.767534 0.767534 0.767534
8075.759766 0.000000 3763.276123 0.000000 0.945492 0.000000 -0.325645 0.876184 0.876184 0.876184
8212.945312 0.000000 3777.709961 0.000000 0.326297 0.000000 0.945267 0.725798 0.725798 0.725798
8215.101562 0.000000 3777.719971 0.000000 0.662174 0.000000 0.749350 0.673113 0.673113 0.673113
8285.152344 0.000000 3723.923828 0.000000 0.284589 0.000000 -0.958650 0.945971 0.945971 0.945971
8169.115234 0.000000 3851.622070 0.000000 0.666965 0.000000 0.745089 0.722765 0.722765 0.722765
8219.988281 0.000000 3820.424561 0.000000 0.717307 0.000000 -0.696757 0.870822 0.870822 0.870822
8221.088867 0.000000 3818.165527 0.000000 0.050688 0.000000 0.998715 0.147265 0.147265 0.147265
8221.986328 0.000000 3823.965820 0.000000 0.509523 0.000000 -0.860457 1.046267 1.046267 1.046267
8220.841797 0.000000 3821.828857 0.000000 0.344300 0.000000 0.938860 0.239895 0.239895 0.239895
8083.983887 0.000000 4043.703857 0.000000 0.455574 0.000000 -0.890198 0.955670 0.955670 0.955670
8080.381348 0.000000 4043.785645 0.000000 0.950152 0.000000 0.311788 0.753138 0.753138 0.753138
"}
