object={
	name="cactus_saguaro_01_high_generator_3_0"
	clamp_to_water_level=no
	render_under_water=no
	generated_content=yes
	layer="tree_high_layer"
	pdxmesh="cactus_saguaro_01_c_mesh"
	count=327
	transform="3187.939209 0.000000 265.605408 0.000000 0.346662 0.000000 -0.937990 0.812394 0.812394 0.812394
3199.416260 0.000000 268.544037 0.000000 0.892346 0.000000 0.451352 0.794950 0.794950 0.794950
2720.052979 0.000000 350.415405 0.000000 0.861870 0.000000 -0.507129 0.806055 0.806055 0.806055
2723.556152 0.000000 394.496887 0.000000 0.942993 0.000000 -0.332812 0.803659 0.803659 0.803659
2761.074707 0.000000 365.974091 0.000000 0.156895 0.000000 0.987615 0.782218 0.782218 0.782218
2807.548340 0.000000 394.496887 0.000000 0.073705 0.000000 -0.997280 0.818837 0.818837 0.818837
3004.512695 0.000000 314.080536 0.000000 0.497679 0.000000 0.867361 0.793080 0.793080 0.793080
2918.874512 0.000000 403.939789 0.000000 0.287188 0.000000 -0.957874 0.806900 0.806900 0.806900
2918.792480 0.000000 363.955017 0.000000 0.455243 0.000000 -0.890367 0.813160 0.813160 0.813160
2918.846924 0.000000 356.137848 0.000000 0.979703 0.000000 0.200454 0.797340 0.797340 0.797340
2913.409180 0.000000 353.570648 0.000000 0.055077 0.000000 -0.998482 0.820888 0.820888 0.820888
2995.440674 0.000000 359.413025 0.000000 0.288774 0.000000 0.957397 0.794640 0.794640 0.794640
2991.671631 0.000000 384.093262 0.000000 0.228346 0.000000 -0.973580 0.806425 0.806425 0.806425
2945.233643 0.000000 398.106598 0.000000 0.442165 0.000000 -0.896933 0.814002 0.814002 0.814002
2977.107910 0.000000 363.831085 0.000000 0.948500 0.000000 -0.316776 0.804056 0.804056 0.804056
2993.343750 0.000000 366.904297 0.000000 0.673578 0.000000 0.739116 0.788039 0.788039 0.788039
3019.954834 0.000000 401.574158 0.000000 0.534505 0.000000 0.845165 0.783108 0.783108 0.783108
2997.769775 0.000000 380.648438 0.000000 0.050132 0.000000 -0.998743 0.820045 0.820045 0.820045
2947.439697 0.000000 404.512787 0.000000 0.987918 0.000000 -0.154975 0.801678 0.801678 0.801678
2957.569336 0.000000 346.756989 0.000000 0.888762 0.000000 -0.458369 0.805991 0.805991 0.805991
2978.349121 0.000000 347.892120 0.000000 0.420616 0.000000 0.907239 0.782292 0.782292 0.782292
3003.001221 0.000000 375.589966 0.000000 0.081937 0.000000 -0.996638 0.820517 0.820517 0.820517
2976.739990 0.000000 388.106201 0.000000 0.183591 0.000000 -0.983003 0.830730 0.830730 0.830730
2984.336670 0.000000 351.424316 0.000000 0.838137 0.000000 0.545460 0.791358 0.791358 0.791358
2957.672363 0.000000 357.605377 0.000000 0.472956 0.000000 0.881086 0.782558 0.782558 0.782558
3023.203369 0.000000 389.201172 0.000000 0.985507 0.000000 0.169634 0.797242 0.797242 0.797242
3014.575684 0.000000 400.757141 0.000000 0.740501 0.000000 0.672056 0.785870 0.785870 0.785870
2950.367188 0.000000 386.112732 0.000000 0.896882 0.000000 0.442270 0.787922 0.787922 0.787922
2990.789062 0.000000 362.248535 0.000000 0.998687 0.000000 0.051235 0.798894 0.798894 0.798894
2971.470947 0.000000 385.066711 0.000000 0.859309 0.000000 0.511457 0.787133 0.787133 0.787133
2980.254883 0.000000 395.587769 0.000000 0.974123 0.000000 -0.226020 0.807240 0.807240 0.807240
3007.728027 0.000000 393.431274 0.000000 0.021952 0.000000 -0.999759 0.854753 0.854753 0.854753
3015.582520 0.000000 389.720398 0.000000 0.914482 0.000000 0.404627 0.778784 0.778784 0.778784
3005.430176 0.000000 378.491241 0.000000 0.275144 0.000000 0.961403 0.735744 0.735744 0.735744
2982.300537 0.000000 348.311493 0.000000 0.886065 0.000000 -0.463562 0.821372 0.821372 0.821372
3012.899902 0.000000 376.296814 0.000000 0.976369 0.000000 0.216109 0.788384 0.788384 0.788384
3014.341553 0.000000 396.665741 0.000000 0.686843 0.000000 0.726806 0.751735 0.751735 0.751735
3009.473389 0.000000 390.416931 0.000000 0.987999 0.000000 -0.154463 0.807062 0.807062 0.807062
3000.859863 0.000000 389.287109 0.000000 0.836831 0.000000 -0.547461 0.832976 0.832976 0.832976
3019.485107 0.000000 378.948792 0.000000 0.743214 0.000000 0.669054 0.768820 0.768820 0.768820
3012.241211 0.000000 379.644836 0.000000 0.543757 0.000000 0.839243 0.704527 0.704527 0.704527
3021.945557 0.000000 392.163605 0.000000 0.633491 0.000000 0.773750 0.756001 0.756001 0.756001
3007.555908 0.000000 381.054688 0.000000 0.487538 0.000000 0.873102 0.724948 0.724948 0.724948
3012.040527 0.000000 384.974274 0.000000 0.884344 0.000000 -0.466835 0.837251 0.837251 0.837251
3016.173096 0.000000 394.134003 0.000000 0.956458 0.000000 -0.291869 0.820586 0.820586 0.820586
3010.713867 0.000000 394.627533 0.000000 0.280832 0.000000 0.959757 0.719856 0.719856 0.719856
3014.726074 0.000000 386.872192 0.000000 0.954327 0.000000 -0.298763 0.818542 0.818542 0.818542
3021.582520 0.000000 395.264130 0.000000 0.077347 0.000000 -0.997004 0.901111 0.901111 0.901111
3008.575195 0.000000 387.775665 0.000000 0.346895 0.000000 -0.937904 0.896217 0.896217 0.896217
3016.376709 0.000000 381.628754 0.000000 0.275247 0.000000 0.961374 0.680789 0.680789 0.680789
3004.485596 0.000000 384.789246 0.000000 0.235320 0.000000 -0.971918 0.907844 0.907844 0.907844
3009.690674 0.000000 379.718323 0.000000 0.982417 0.000000 0.186699 0.786047 0.786047 0.786047
3003.262207 0.000000 388.529877 0.000000 0.957100 0.000000 -0.289759 0.824131 0.824131 0.824131
2758.101074 0.000000 465.491089 0.000000 0.654375 0.000000 -0.756170 0.808220 0.808220 0.808220
2718.397949 0.000000 437.627258 0.000000 0.975470 0.000000 -0.220134 0.802793 0.802793 0.802793
2809.123535 0.000000 431.815460 0.000000 0.601726 0.000000 0.798703 0.790022 0.790022 0.790022
2818.313721 0.000000 426.248932 0.000000 0.315058 0.000000 -0.949072 0.814983 0.814983 0.814983
2767.745605 0.000000 480.724945 0.000000 0.948770 0.000000 -0.315967 0.803275 0.803275 0.803275
2776.747314 0.000000 477.225830 0.000000 0.983547 0.000000 0.180654 0.798150 0.798150 0.798150
2918.874512 0.000000 471.924164 0.000000 0.266831 0.000000 -0.963743 0.810131 0.810131 0.810131
2891.665527 0.000000 449.768738 0.000000 0.641014 0.000000 -0.767529 0.806815 0.806815 0.806815
2913.544922 0.000000 455.193298 0.000000 0.930972 0.000000 -0.365091 0.805374 0.805374 0.805374
2900.344482 0.000000 419.408691 0.000000 0.983130 0.000000 0.182911 0.797245 0.797245 0.797245
2889.192627 0.000000 467.826202 0.000000 0.559174 0.000000 0.829050 0.772475 0.772475 0.772475
2922.128906 0.000000 474.448944 0.000000 0.094288 0.000000 -0.995545 0.849537 0.849537 0.849537
2899.314697 0.000000 422.657928 0.000000 0.377649 0.000000 0.925949 0.707811 0.707811 0.707811
2996.786621 0.000000 441.332886 0.000000 0.692779 0.000000 -0.721150 0.802413 0.802413 0.802413
2986.535645 0.000000 443.961700 0.000000 0.874623 0.000000 -0.484804 0.804549 0.804549 0.804549
2991.039795 0.000000 462.196411 0.000000 0.805277 0.000000 0.592899 0.794296 0.794296 0.794296
2947.255615 0.000000 449.681885 0.000000 0.991200 0.000000 0.132372 0.798966 0.798966 0.798966
3011.416016 0.000000 418.573792 0.000000 0.571037 0.000000 0.820925 0.791922 0.791922 0.791922
2967.664551 0.000000 449.951599 0.000000 0.839062 0.000000 0.544036 0.792762 0.792762 0.792762
2996.987549 0.000000 467.084290 0.000000 0.915321 0.000000 -0.402725 0.805215 0.805215 0.805215
3003.001221 0.000000 443.574341 0.000000 0.352904 0.000000 -0.935659 0.814501 0.814501 0.814501
3018.281006 0.000000 454.626495 0.000000 0.935240 0.000000 0.354014 0.795447 0.795447 0.795447
2964.027588 0.000000 455.655945 0.000000 0.955556 0.000000 0.294810 0.796235 0.796235 0.796235
2973.826172 0.000000 425.019592 0.000000 0.495901 0.000000 0.868379 0.782352 0.782352 0.782352
2983.636475 0.000000 438.899780 0.000000 0.939851 0.000000 -0.341584 0.808564 0.808564 0.808564
2966.399902 0.000000 419.014587 0.000000 0.035807 0.000000 -0.999359 0.827592 0.827592 0.827592
2989.266357 0.000000 438.814056 0.000000 0.547871 0.000000 0.836563 0.775656 0.775656 0.775656
2963.343994 0.000000 429.620453 0.000000 0.604657 0.000000 0.796486 0.777915 0.777915 0.777915
2968.152588 0.000000 424.455566 0.000000 0.391183 0.000000 -0.920313 0.825213 0.825213 0.825213
2989.396484 0.000000 466.661743 0.000000 0.828659 0.000000 -0.559754 0.816374 0.816374 0.816374
2905.980469 0.000000 487.127136 0.000000 0.702174 0.000000 -0.712005 0.806172 0.806172 0.806172
2918.846924 0.000000 492.106598 0.000000 0.965680 0.000000 -0.259736 0.803306 0.803306 0.803306
2865.064697 0.000000 483.479553 0.000000 0.677536 0.000000 0.735490 0.792078 0.792078 0.792078
2863.280762 0.000000 490.544586 0.000000 0.118353 0.000000 -0.992972 0.818272 0.818272 0.818272
2911.891602 0.000000 483.404297 0.000000 0.933106 0.000000 0.359602 0.796253 0.796253 0.796253
2896.520508 0.000000 513.756348 0.000000 0.953652 0.000000 -0.300911 0.803846 0.803846 0.803846
2875.908691 0.000000 477.813049 0.000000 0.422768 0.000000 0.906238 0.770096 0.770096 0.770096
2858.923096 0.000000 506.313690 0.000000 0.712394 0.000000 0.701780 0.778094 0.778094 0.778094
2877.607666 0.000000 520.387634 0.000000 0.965492 0.000000 0.260432 0.781372 0.781372 0.781372
3010.077637 0.000000 533.475464 0.000000 0.747581 0.000000 0.664170 0.792601 0.792601 0.792601
2944.731689 0.000000 477.225830 0.000000 0.935679 0.000000 -0.352852 0.804970 0.804970 0.804970
2949.056885 0.000000 483.479553 0.000000 0.995423 0.000000 -0.095567 0.801376 0.801376 0.801376
2970.374512 0.000000 505.611633 0.000000 0.948873 0.000000 -0.315659 0.804811 0.804811 0.804811
3019.954834 0.000000 537.542908 0.000000 0.925743 0.000000 0.378153 0.792797 0.792797 0.792797
3009.311768 0.000000 513.112061 0.000000 0.657234 0.000000 -0.753686 0.815856 0.815856 0.815856
2997.537109 0.000000 523.177673 0.000000 0.048600 0.000000 0.998818 0.778111 0.778111 0.778111
2988.091797 0.000000 524.846985 0.000000 0.823014 0.000000 0.568020 0.790227 0.790227 0.790227
2963.343994 0.000000 497.604828 0.000000 0.300269 0.000000 -0.953855 0.833372 0.833372 0.833372
3014.575684 0.000000 536.725891 0.000000 0.996387 0.000000 -0.084927 0.801630 0.801630 0.801630
3010.531006 0.000000 518.395142 0.000000 0.051016 0.000000 0.998698 0.773593 0.773593 0.773593
2967.939941 0.000000 501.646973 0.000000 0.999997 0.000000 0.002626 0.799928 0.799928 0.799928
2973.831543 0.000000 497.080414 0.000000 0.160691 0.000000 -0.987005 0.857424 0.857424 0.857424
2966.434570 0.000000 495.595276 0.000000 0.812731 0.000000 0.582639 0.772423 0.772423 0.772423
2960.644043 0.000000 481.209595 0.000000 0.863944 0.000000 -0.503588 0.825929 0.825929 0.825929
2970.810791 0.000000 494.425903 0.000000 0.469114 0.000000 -0.883138 0.847997 0.847997 0.847997
2965.779053 0.000000 490.250580 0.000000 0.515234 0.000000 0.857050 0.743249 0.743249 0.743249
3095.408203 0.000000 282.605042 0.000000 0.502416 0.000000 -0.864626 0.808761 0.808761 0.808761
3086.831299 0.000000 288.153473 0.000000 0.842897 0.000000 -0.538074 0.807149 0.807149 0.807149
3086.858887 0.000000 403.939789 0.000000 0.754764 0.000000 0.655997 0.796142 0.796142 0.796142
3095.947021 0.000000 387.936523 0.000000 0.974790 0.000000 -0.223125 0.801618 0.801618 0.801618
3029.225830 0.000000 398.106598 0.000000 0.275336 0.000000 0.961348 0.788389 0.788389 0.788389
3059.524902 0.000000 394.496887 0.000000 0.936035 0.000000 0.351906 0.796337 0.796337 0.796337
3047.966553 0.000000 367.731995 0.000000 0.707543 0.000000 -0.706670 0.809875 0.809875 0.809875
3042.479980 0.000000 371.179352 0.000000 0.397047 0.000000 -0.917798 0.813931 0.813931 0.813931
3025.610352 0.000000 384.110077 0.000000 0.843420 0.000000 0.537254 0.791504 0.791504 0.791504
3170.851074 0.000000 403.939789 0.000000 0.701320 0.000000 0.712847 0.796196 0.796196 0.796196
3178.062012 0.000000 397.506714 0.000000 0.314323 0.000000 -0.949316 0.811244 0.811244 0.811244
3152.672607 0.000000 397.567108 0.000000 0.013345 0.000000 0.999911 0.772005 0.772005 0.772005
3187.939209 0.000000 401.574158 0.000000 0.359768 0.000000 -0.933042 0.815855 0.815855 0.815855
3144.724365 0.000000 388.106201 0.000000 0.834959 0.000000 0.550312 0.787779 0.787779 0.787779
3155.821045 0.000000 381.017639 0.000000 0.670885 0.000000 0.741561 0.779978 0.779978 0.779978
3144.141846 0.000000 376.497192 0.000000 0.588018 0.000000 -0.808848 0.823710 0.823710 0.823710
3196.708252 0.000000 273.272705 0.000000 0.411842 0.000000 -0.911255 0.810303 0.810303 0.810303
3275.975830 0.000000 326.770935 0.000000 0.814549 0.000000 -0.580095 0.814090 0.814090 0.814090
3276.292236 0.000000 331.621918 0.000000 0.776458 0.000000 0.630169 0.784886 0.784886 0.784886
3284.530762 0.000000 323.972961 0.000000 0.987348 0.000000 -0.158569 0.804389 0.804389 0.804389
3280.415283 0.000000 326.171661 0.000000 0.928218 0.000000 0.372037 0.788351 0.788351 0.788351
3221.812744 0.000000 361.752563 0.000000 0.516838 0.000000 -0.856083 0.804926 0.804926 0.804926
3216.679688 0.000000 374.721710 0.000000 0.996407 0.000000 0.084692 0.799644 0.799644 0.799644
3214.876221 0.000000 355.713348 0.000000 0.991364 0.000000 -0.131142 0.801103 0.801103 0.801103
3263.931396 0.000000 387.936523 0.000000 0.332896 0.000000 -0.942963 0.812543 0.812543 0.812543
3197.210205 0.000000 398.106598 0.000000 0.980195 0.000000 0.198037 0.798567 0.798567 0.798567
3249.513672 0.000000 387.208923 0.000000 0.433826 0.000000 0.900997 0.782520 0.782520 0.782520
3228.716553 0.000000 388.106201 0.000000 0.942400 0.000000 -0.334489 0.805518 0.805518 0.805518
3257.898438 0.000000 389.012909 0.000000 0.982580 0.000000 0.185839 0.797424 0.797424 0.797424
3215.320557 0.000000 361.636078 0.000000 0.733383 0.000000 0.679815 0.780741 0.780741 0.780741
3209.648926 0.000000 357.605377 0.000000 0.825790 0.000000 0.563977 0.783485 0.783485 0.783485
3266.899658 0.000000 355.021759 0.000000 0.962472 0.000000 -0.271382 0.805105 0.805105 0.805105
3272.169189 0.000000 363.916107 0.000000 0.961266 0.000000 -0.275622 0.806692 0.806692 0.806692
3219.916504 0.000000 365.678223 0.000000 0.900263 0.000000 -0.435347 0.810795 0.810795 0.810795
3355.994385 0.000000 352.357056 0.000000 0.970094 0.000000 0.242728 0.798678 0.798678 0.798678
3359.178223 0.000000 360.128082 0.000000 0.402112 0.000000 -0.915590 0.813171 0.813171 0.813171
3319.605225 0.000000 370.915405 0.000000 0.804057 0.000000 0.594553 0.782070 0.782070 0.782070
3346.499756 0.000000 382.426392 0.000000 0.152588 0.000000 -0.988290 0.826331 0.826331 0.826331
3338.142578 0.000000 386.142792 0.000000 0.994765 0.000000 0.102187 0.795829 0.795829 0.795829
3343.340332 0.000000 385.232056 0.000000 0.240927 0.000000 -0.970543 0.858859 0.858859 0.858859
3309.800293 0.000000 361.111664 0.000000 0.550730 0.000000 -0.834683 0.845562 0.845562 0.845562
3308.048828 0.000000 364.868927 0.000000 0.279264 0.000000 0.960214 0.738272 0.738272 0.738272
3313.825684 0.000000 367.964386 0.000000 0.983170 0.000000 0.182691 0.789102 0.789102 0.789102
3310.744385 0.000000 365.045532 0.000000 0.761246 0.000000 -0.648464 0.849462 0.849462 0.849462
3312.420410 0.000000 361.441132 0.000000 0.456619 0.000000 -0.889662 0.878847 0.878847 0.878847
3037.419678 0.000000 469.012665 0.000000 0.581110 0.000000 -0.813825 0.803987 0.803987 0.803987
3048.695312 0.000000 442.706085 0.000000 0.536399 0.000000 -0.843964 0.805418 0.805418 0.805418
3073.964844 0.000000 419.142761 0.000000 0.497421 0.000000 -0.867509 0.807551 0.807551 0.807551
3107.492920 0.000000 450.661987 0.000000 0.764182 0.000000 -0.645001 0.807141 0.807141 0.807141
3029.225830 0.000000 466.090973 0.000000 0.826260 0.000000 0.563289 0.792830 0.792830 0.792830
3051.656738 0.000000 449.951599 0.000000 0.293918 0.000000 -0.955831 0.816011 0.816011 0.816011
3036.492432 0.000000 427.671692 0.000000 0.734227 0.000000 -0.678905 0.810731 0.810731 0.810731
3069.068115 0.000000 475.836914 0.000000 0.794239 0.000000 0.607606 0.791783 0.791783 0.791783
3055.719971 0.000000 444.437927 0.000000 0.154396 0.000000 -0.988009 0.815269 0.815269 0.815269
3042.479980 0.000000 439.163727 0.000000 0.730714 0.000000 0.682684 0.786943 0.786943 0.786943
3102.273193 0.000000 454.626495 0.000000 0.998939 0.000000 -0.046064 0.801022 0.801022 0.801022
3089.914062 0.000000 456.997284 0.000000 0.991113 0.000000 -0.133021 0.801759 0.801759 0.801759
3093.267334 0.000000 471.842926 0.000000 0.915848 0.000000 0.401524 0.790592 0.790592 0.790592
3037.203857 0.000000 436.306061 0.000000 0.867433 0.000000 -0.497555 0.808113 0.808113 0.808113
3067.628662 0.000000 438.899780 0.000000 0.880772 0.000000 -0.473541 0.810641 0.810641 0.810641
3047.336182 0.000000 429.620453 0.000000 0.571637 0.000000 -0.820507 0.825946 0.825946 0.825946
3107.195557 0.000000 457.185547 0.000000 0.452334 0.000000 0.891849 0.773603 0.773603 0.773603
3098.567871 0.000000 468.741516 0.000000 0.633975 0.000000 0.773353 0.772983 0.772983 0.772983
3094.523193 0.000000 450.410767 0.000000 0.982263 0.000000 0.187511 0.796270 0.796270 0.796270
3097.264404 0.000000 461.093201 0.000000 0.120086 0.000000 -0.992764 0.826941 0.826941 0.826941
3091.720215 0.000000 461.415649 0.000000 0.700726 0.000000 0.713430 0.782389 0.782389 0.782389
3059.861572 0.000000 420.627960 0.000000 0.371899 0.000000 -0.928273 0.830653 0.830653 0.830653
3101.764404 0.000000 465.900635 0.000000 0.094709 0.000000 -0.995505 0.842449 0.842449 0.842449
3099.574707 0.000000 457.704773 0.000000 0.857755 0.000000 0.514059 0.785119 0.785119 0.785119
3050.426758 0.000000 427.610901 0.000000 0.469935 0.000000 -0.882701 0.851844 0.851844 0.851844
3050.520996 0.000000 430.783173 0.000000 0.564260 0.000000 -0.825597 0.903005 0.903005 0.903005
3147.699951 0.000000 422.721436 0.000000 0.885425 0.000000 -0.464783 0.801448 0.801448 0.801448
3183.531738 0.000000 447.071136 0.000000 0.443427 0.000000 0.896310 0.796005 0.796005 0.796005
3121.411865 0.000000 469.012665 0.000000 0.999676 0.000000 0.025447 0.799924 0.799924 0.799924
3120.648438 0.000000 408.882538 0.000000 0.224917 0.000000 0.974378 0.795169 0.795169 0.795169
3137.820557 0.000000 429.736938 0.000000 0.634902 0.000000 -0.772593 0.805819 0.805819 0.805819
3154.520020 0.000000 443.961700 0.000000 0.798581 0.000000 0.601888 0.793421 0.793421 0.793421
3115.239990 0.000000 449.681885 0.000000 0.999066 0.000000 0.043215 0.799534 0.799534 0.799534
3191.485107 0.000000 450.661987 0.000000 0.206693 0.000000 -0.978406 0.815512 0.815512 0.815512
3151.316895 0.000000 451.323730 0.000000 0.825251 0.000000 0.564766 0.793887 0.793887 0.793887
3117.041260 0.000000 415.495178 0.000000 0.999563 0.000000 0.029577 0.799716 0.799716 0.799716
3143.517090 0.000000 462.481262 0.000000 0.964638 0.000000 0.263578 0.796484 0.796484 0.796484
3152.672607 0.000000 465.551483 0.000000 0.557995 0.000000 0.829844 0.788270 0.788270 0.788270
3177.296143 0.000000 445.127716 0.000000 0.987631 0.000000 0.156793 0.798208 0.798208 0.798208
3170.985596 0.000000 443.574341 0.000000 0.697448 0.000000 0.716635 0.790426 0.790426 0.790426
3126.974121 0.000000 446.015839 0.000000 0.984847 0.000000 0.173424 0.796658 0.796658 0.796658
3141.057373 0.000000 473.290710 0.000000 0.561400 0.000000 -0.827544 0.812265 0.812265 0.812265
3182.306396 0.000000 440.706085 0.000000 0.608261 0.000000 -0.793737 0.811537 0.811537 0.811537
3107.991455 0.000000 462.739685 0.000000 0.934039 0.000000 0.357170 0.791246 0.791246 0.791246
3121.626709 0.000000 449.123840 0.000000 0.999544 0.000000 0.030189 0.799331 0.799331 0.799331
3164.610352 0.000000 472.968109 0.000000 0.127257 0.000000 0.991870 0.763682 0.763682 0.763682
3182.560059 0.000000 468.741516 0.000000 0.979195 0.000000 0.202920 0.795715 0.795715 0.795715
3181.256592 0.000000 461.093201 0.000000 0.244705 0.000000 0.969598 0.761934 0.761934 0.761934
3108.307861 0.000000 467.590668 0.000000 0.835754 0.000000 -0.549104 0.817415 0.817415 0.817415
3111.730225 0.000000 470.225586 0.000000 0.970941 0.000000 -0.239319 0.807095 0.807095 0.807095
3112.430908 0.000000 462.140411 0.000000 0.918678 0.000000 -0.395008 0.811679 0.811679 0.811679
3091.964111 0.000000 506.686035 0.000000 0.870202 0.000000 -0.492695 0.804322 0.804322 0.804322
3062.410645 0.000000 537.248108 0.000000 0.817768 0.000000 -0.575548 0.804777 0.804777 0.804777
3075.031982 0.000000 530.180786 0.000000 0.952348 0.000000 -0.305015 0.802043 0.802043 0.802043
3031.247803 0.000000 517.666260 0.000000 0.422558 0.000000 -0.906336 0.808837 0.808837 0.808837
3059.524902 0.000000 530.465637 0.000000 0.980697 0.000000 0.195533 0.798113 0.798113 0.798113
3077.335938 0.000000 502.873047 0.000000 0.178355 0.000000 -0.983966 0.817509 0.817509 0.817509
3103.947021 0.000000 537.542908 0.000000 0.237943 0.000000 0.971279 0.781664 0.781664 0.781664
3044.843506 0.000000 537.063843 0.000000 0.239947 0.000000 -0.970786 0.822288 0.822288 0.822288
3062.341309 0.000000 483.860870 0.000000 0.998412 0.000000 -0.056336 0.800642 0.800642 0.800642
3047.745605 0.000000 540.854004 0.000000 0.544056 0.000000 -0.839049 0.828632 0.828632 0.828632
3137.820557 0.000000 497.721313 0.000000 0.995560 0.000000 0.094134 0.799605 0.799605 0.799605
3191.485107 0.000000 518.646362 0.000000 0.064253 0.000000 0.997934 0.790071 0.790071 0.790071
3112.716064 0.000000 477.225830 0.000000 0.995584 0.000000 -0.093875 0.801127 0.801127 0.801127
3138.013916 0.000000 476.429352 0.000000 0.908694 0.000000 -0.417462 0.805419 0.805419 0.805419
3165.754150 0.000000 516.617188 0.000000 0.299385 0.000000 -0.954132 0.824288 0.824288 0.824288
3177.296143 0.000000 513.112061 0.000000 0.783359 0.000000 -0.621570 0.807234 0.807234 0.807234
3141.057373 0.000000 541.275085 0.000000 0.545914 0.000000 0.837841 0.784526 0.784526 0.784526
3186.265381 0.000000 522.610840 0.000000 0.817800 0.000000 0.575503 0.789712 0.789712 0.789712
3148.497070 0.000000 513.756348 0.000000 0.217598 0.000000 0.976038 0.778137 0.778137 0.778137
3165.385742 0.000000 489.539398 0.000000 0.684965 0.000000 0.728576 0.784839 0.784839 0.784839
3156.076172 0.000000 524.846985 0.000000 0.936677 0.000000 -0.350195 0.806217 0.806217 0.806217
3191.187744 0.000000 525.169922 0.000000 0.129504 0.000000 0.991579 0.772372 0.772372 0.772372
3127.885254 0.000000 477.813049 0.000000 0.719419 0.000000 -0.694576 0.822083 0.822083 0.822083
3181.256592 0.000000 529.077576 0.000000 0.462466 0.000000 -0.886637 0.820899 0.820899 0.820899
3159.185547 0.000000 492.205841 0.000000 0.749122 0.000000 0.662432 0.786551 0.786551 0.786551
3133.733887 0.000000 528.214172 0.000000 0.999581 0.000000 0.028937 0.799168 0.799168 0.799168
3144.141846 0.000000 512.465942 0.000000 0.607366 0.000000 0.794422 0.779097 0.779097 0.779097
3121.262695 0.000000 481.695679 0.000000 0.505868 0.000000 -0.862611 0.826806 0.826806 0.826806
3129.954102 0.000000 526.989136 0.000000 0.655322 0.000000 0.755350 0.743570 0.743570 0.743570
3124.114746 0.000000 528.436157 0.000000 0.957039 0.000000 0.289961 0.786780 0.786780 0.786780
3128.712158 0.000000 523.181396 0.000000 0.016766 0.000000 0.999859 0.732027 0.732027 0.732027
3275.477295 0.000000 450.661987 0.000000 0.687626 0.000000 -0.726065 0.810224 0.810224 0.810224
3236.357178 0.000000 413.213196 0.000000 0.999977 0.000000 -0.006772 0.800049 0.800049 0.800049
3196.708252 0.000000 409.241455 0.000000 0.085560 0.000000 0.996333 0.786652 0.786652 0.786652
3238.274658 0.000000 426.248932 0.000000 0.598904 0.000000 -0.800820 0.811129 0.811129 0.811129
3227.509277 0.000000 462.481262 0.000000 0.939431 0.000000 -0.342739 0.805450 0.805450 0.805450
3210.464355 0.000000 439.163727 0.000000 0.985331 0.000000 -0.170654 0.802055 0.802055 0.802055
3248.602539 0.000000 472.968109 0.000000 0.062652 0.000000 -0.998035 0.843373 0.843373 0.843373
3225.161377 0.000000 467.826202 0.000000 0.969375 0.000000 -0.245583 0.806690 0.806690 0.806690
3217.726074 0.000000 460.229767 0.000000 0.228149 0.000000 0.973626 0.769476 0.769476 0.769476
3248.088379 0.000000 462.209076 0.000000 0.608477 0.000000 -0.793572 0.824166 0.824166 0.824166
3322.177734 0.000000 433.584930 0.000000 0.935428 0.000000 0.353519 0.797402 0.797402 0.797402
3296.924561 0.000000 475.863678 0.000000 0.383986 0.000000 0.923339 0.785899 0.785899 0.785899
3338.807861 0.000000 424.122223 0.000000 0.891108 0.000000 0.453792 0.794638 0.794638 0.794638
3355.690918 0.000000 412.740570 0.000000 0.954154 0.000000 0.299317 0.796175 0.796175 0.796175
3329.312500 0.000000 434.888672 0.000000 0.892621 0.000000 0.450808 0.794396 0.794396 0.794396
3333.738525 0.000000 448.632812 0.000000 0.940707 0.000000 -0.339221 0.803525 0.803525 0.803525
3299.943115 0.000000 435.716370 0.000000 0.752567 0.000000 0.658515 0.787509 0.787509 0.787509
3296.820068 0.000000 469.079498 0.000000 0.958512 0.000000 -0.285052 0.803637 0.803637 0.803637
3314.317871 0.000000 415.876495 0.000000 0.424772 0.000000 0.905301 0.778972 0.778972 0.778972
3350.290771 0.000000 440.706085 0.000000 0.889023 0.000000 0.457863 0.794301 0.794301 0.794301
3320.305420 0.000000 419.408691 0.000000 0.984286 0.000000 0.176580 0.796065 0.796065 0.796065
3278.329834 0.000000 447.048737 0.000000 0.788971 0.000000 0.614431 0.787314 0.787314 0.787314
3276.292236 0.000000 467.590668 0.000000 0.039947 0.000000 -0.999202 0.842193 0.842193 0.842193
3313.954346 0.000000 427.284821 0.000000 0.890354 0.000000 0.455268 0.789238 0.789238 0.789238
3303.908691 0.000000 433.662598 0.000000 0.205098 0.000000 0.978741 0.742781 0.742781 0.742781
3309.800293 0.000000 429.096039 0.000000 0.553556 0.000000 -0.832812 0.832433 0.832433 0.832433
3308.048828 0.000000 432.853302 0.000000 0.962637 0.000000 -0.270794 0.813637 0.813637 0.813637
3229.435303 0.000000 476.832733 0.000000 0.544067 0.000000 0.839042 0.796421 0.796421 0.796421
3221.812744 0.000000 497.721313 0.000000 0.688652 0.000000 -0.725092 0.803888 0.803888 0.803888
3230.395020 0.000000 537.248108 0.000000 0.893710 0.000000 0.448645 0.796097 0.796097 0.796097
3243.016357 0.000000 530.180786 0.000000 0.541438 0.000000 -0.840741 0.808377 0.808377 0.808377
3199.339111 0.000000 505.417175 0.000000 0.606500 0.000000 0.795083 0.791739 0.791739 0.791739
3261.288330 0.000000 513.112061 0.000000 0.524052 0.000000 0.851686 0.787176 0.787176 0.787176
3198.574707 0.000000 512.291809 0.000000 0.721680 0.000000 -0.692227 0.812827 0.812827 0.812827
3296.924561 0.000000 543.848083 0.000000 0.903497 0.000000 -0.428594 0.805573 0.805573 0.805573
3285.025635 0.000000 483.479553 0.000000 0.583829 0.000000 0.811876 0.788080 0.788080 0.788080
3296.820068 0.000000 537.063843 0.000000 0.923637 0.000000 0.383268 0.795051 0.795051 0.795051
3372.936035 0.000000 391.053894 0.000000 0.997445 0.000000 -0.071441 0.800557 0.800557 0.800557
3387.625488 0.000000 381.967224 0.000000 0.856093 0.000000 -0.516821 0.804882 0.804882 0.804882
3416.948486 0.000000 399.099915 0.000000 0.835367 0.000000 0.549693 0.792677 0.792677 0.792677
3369.017822 0.000000 347.510803 0.000000 0.553329 0.000000 -0.832963 0.810617 0.810617 0.810617
3367.233887 0.000000 354.575836 0.000000 0.913525 0.000000 -0.406782 0.805271 0.805271 0.805271
3417.730713 0.000000 380.648438 0.000000 0.946432 0.000000 0.322903 0.796257 0.796257 0.796257
3391.688721 0.000000 376.453552 0.000000 0.502354 0.000000 0.864662 0.786858 0.786858 0.786858
3417.498047 0.000000 387.208923 0.000000 0.832006 0.000000 -0.554766 0.807400 0.807400 0.807400
3361.014648 0.000000 356.647003 0.000000 0.998784 0.000000 -0.049297 0.800621 0.800621 0.800621
3466.852783 0.000000 355.713348 0.000000 0.978995 0.000000 -0.203882 0.801599 0.801599 0.801599
3515.907959 0.000000 387.936523 0.000000 0.036076 0.000000 -0.999349 0.811954 0.811954 0.811954
3500.940674 0.000000 399.099915 0.000000 0.714649 0.000000 0.699483 0.791181 0.791181 0.791181
3501.722900 0.000000 380.648438 0.000000 0.016398 0.000000 -0.999866 0.825146 0.825146 0.825146
3501.490234 0.000000 387.208923 0.000000 0.148278 0.000000 -0.988946 0.826412 0.826412 0.826412
3518.275146 0.000000 372.721710 0.000000 0.999804 0.000000 0.019792 0.799561 0.799561 0.799561
3509.875000 0.000000 389.012909 0.000000 0.996906 0.000000 -0.078602 0.801273 0.801273 0.801273
3514.484131 0.000000 382.426392 0.000000 0.462248 0.000000 0.886751 0.767337 0.767337 0.767337
3485.995117 0.000000 361.863800 0.000000 0.576128 0.000000 0.817359 0.775348 0.775348 0.775348
3506.126953 0.000000 386.142792 0.000000 0.889473 0.000000 0.456989 0.785213 0.785213 0.785213
3511.324707 0.000000 385.232056 0.000000 0.663367 0.000000 0.748295 0.767578 0.767578 0.767578
3430.038574 0.000000 465.491089 0.000000 0.950597 0.000000 0.310428 0.797541 0.797541 0.797541
3382.860596 0.000000 423.697723 0.000000 0.999959 0.000000 0.009052 0.799924 0.799924 0.799924
3422.745605 0.000000 431.939392 0.000000 0.393456 0.000000 0.919344 0.786721 0.786721 0.786721
3422.800049 0.000000 424.122223 0.000000 0.457646 0.000000 -0.889134 0.813784 0.813784 0.813784
3413.304688 0.000000 434.888672 0.000000 0.281140 0.000000 0.959667 0.783051 0.783051 0.783051
3422.049805 0.000000 437.730865 0.000000 0.925155 0.000000 0.379590 0.792768 0.792768 0.792768
3488.333740 0.000000 413.213196 0.000000 0.371392 0.000000 -0.928476 0.814264 0.814264 0.814264
3467.927490 0.000000 435.716370 0.000000 0.187101 0.000000 -0.982341 0.815740 0.815740 0.815740
3462.440918 0.000000 439.163727 0.000000 0.566392 0.000000 0.824136 0.788392 0.788392 0.788392
3020.192627 0.000000 567.869202 0.000000 0.306890 0.000000 0.951745 0.771337 0.771337 0.771337
3019.798096 0.000000 560.839172 0.000000 0.993470 0.000000 0.114092 0.796780 0.796780 0.796780
3070.290283 0.000000 562.217651 0.000000 0.662110 0.000000 -0.749406 0.808122 0.808122 0.808122
3059.524902 0.000000 598.450012 0.000000 0.290956 0.000000 -0.956736 0.816050 0.816050 0.816050
3031.265137 0.000000 558.528931 0.000000 0.960177 0.000000 -0.279393 0.802884 0.802884 0.802884
3100.874268 0.000000 564.185242 0.000000 0.893125 0.000000 -0.449809 0.807548 0.807548 0.807548
3043.893066 0.000000 545.797424 0.000000 0.837961 0.000000 -0.545730 0.815565 0.815565 0.815565
3045.153564 0.000000 554.481445 0.000000 0.610923 0.000000 -0.791690 0.825180 0.825180 0.825180
3053.136475 0.000000 550.505371 0.000000 0.038557 0.000000 -0.999256 0.852330 0.852330 0.852330
3049.486084 0.000000 545.403809 0.000000 0.451849 0.000000 0.892095 0.769628 0.769628 0.769628
3154.520020 0.000000 579.930420 0.000000 0.119609 0.000000 0.992821 0.789568 0.789568 0.789568
3159.024170 0.000000 598.165161 0.000000 0.133297 0.000000 -0.991076 0.816360 0.816360 0.816360
3135.648926 0.000000 585.920349 0.000000 0.983804 0.000000 0.179247 0.797732 0.797732 0.797732
3151.316895 0.000000 587.292480 0.000000 0.998834 0.000000 0.048267 0.799479 0.799479 0.799479
3187.706543 0.000000 548.709351 0.000000 0.853717 0.000000 0.520738 0.793108 0.793108 0.793108
3138.013916 0.000000 544.413696 0.000000 0.814289 0.000000 -0.580459 0.810390 0.810390 0.810390
3152.672607 0.000000 601.520264 0.000000 0.421160 0.000000 0.906986 0.785705 0.785705 0.785705
3179.400391 0.000000 622.526917 0.000000 0.290150 0.000000 -0.956981 0.808413 0.808413 0.808413
3216.679688 0.000000 578.674805 0.000000 0.327379 0.000000 -0.944893 0.808155 0.808155 0.808155
3271.262451 0.000000 572.445557 0.000000 0.728529 0.000000 -0.685015 0.803617 0.803617 0.803617
3238.512207 0.000000 579.930420 0.000000 0.947019 0.000000 0.321177 0.796669 0.796669 0.796669
3215.950928 0.000000 571.685120 0.000000 0.688595 0.000000 0.725146 0.791251 0.791251 0.791251
3283.241699 0.000000 558.528931 0.000000 0.830263 0.000000 0.557372 0.793978 0.793978 0.793978
3288.468994 0.000000 563.640442 0.000000 0.395701 0.000000 0.918379 0.786749 0.786749 0.786749
3293.538086 0.000000 550.710083 0.000000 0.999681 0.000000 -0.025263 0.800303 0.800303 0.800303
"}
