object={
	name="cactus_saguaro_01_high_generator_2_0"
	clamp_to_water_level=no
	render_under_water=no
	generated_content=yes
	layer="tree_high_layer"
	pdxmesh="cactus_saguaro_01_b_mesh"
	count=323
	transform="3182.560059 0.000000 264.788391 0.000000 0.338056 0.000000 0.941126 0.387757 0.387757 0.387757
3234.208740 0.000000 255.112732 0.000000 0.061927 0.000000 0.998081 0.397740 0.397740 0.397740
2695.385986 0.000000 369.448425 0.000000 0.998381 0.000000 0.056872 0.399744 0.399744 0.399744
2726.372559 0.000000 347.892120 0.000000 0.446987 0.000000 0.894541 0.392812 0.392812 0.392812
2721.849609 0.000000 357.035217 0.000000 0.349211 0.000000 0.937044 0.387270 0.387270 0.387270
2716.176025 0.000000 356.471191 0.000000 0.199532 0.000000 0.979891 0.385636 0.385636 0.385636
2801.091797 0.000000 396.218719 0.000000 0.641641 0.000000 0.767005 0.392580 0.392580 0.392580
2796.043213 0.000000 387.671570 0.000000 0.719403 0.000000 -0.694593 0.407668 0.407668 0.407668
2805.200439 0.000000 399.841827 0.000000 0.964118 0.000000 -0.265476 0.402817 0.402817 0.402817
3005.921875 0.000000 321.028534 0.000000 0.371393 0.000000 -0.928476 0.412481 0.412481 0.412481
3010.531006 0.000000 314.442017 0.000000 0.927674 0.000000 0.373390 0.395988 0.395988 0.395988
2939.508545 0.000000 382.677612 0.000000 0.800727 0.000000 0.599030 0.396793 0.396793 0.396793
2921.929688 0.000000 389.012909 0.000000 0.708527 0.000000 -0.705683 0.407432 0.407432 0.407432
2920.154297 0.000000 397.634521 0.000000 0.530239 0.000000 0.847849 0.389390 0.389390 0.389390
2983.332520 0.000000 383.339355 0.000000 0.134497 0.000000 0.990914 0.392830 0.392830 0.392830
2963.343994 0.000000 361.636078 0.000000 0.210268 0.000000 -0.977644 0.413571 0.413571 0.413571
2950.561523 0.000000 396.317322 0.000000 0.991861 0.000000 -0.127322 0.401147 0.401147 0.401147
2961.161377 0.000000 350.528320 0.000000 0.682810 0.000000 -0.730596 0.408590 0.408590 0.408590
2983.810059 0.000000 402.627563 0.000000 0.715455 0.000000 0.698659 0.389572 0.389572 0.389572
2954.721924 0.000000 386.601166 0.000000 0.273047 0.000000 -0.962001 0.418094 0.418094 0.418094
3022.251221 0.000000 398.143555 0.000000 0.066264 0.000000 -0.997802 0.426292 0.426292 0.426292
2978.546631 0.000000 392.190613 0.000000 0.662403 0.000000 -0.749148 0.421986 0.421986 0.421986
3001.793457 0.000000 379.506165 0.000000 0.997891 0.000000 0.064908 0.398346 0.398346 0.398346
3006.574707 0.000000 374.529846 0.000000 0.956466 0.000000 0.291843 0.392902 0.392902 0.392902
2981.471191 0.000000 399.115814 0.000000 0.901956 0.000000 -0.431828 0.410925 0.410925 0.410925
2997.832031 0.000000 390.762207 0.000000 1.000000 0.000000 -0.000550 0.400012 0.400012 0.400012
2979.909180 0.000000 351.004639 0.000000 0.043727 0.000000 -0.999044 0.436599 0.436599 0.436599
2999.613525 0.000000 383.744720 0.000000 0.816507 0.000000 0.577336 0.386786 0.386786 0.386786
3013.762207 0.000000 358.368011 0.000000 0.788703 0.000000 -0.614774 0.415207 0.415207 0.415207
3018.934570 0.000000 390.339203 0.000000 0.905949 0.000000 0.423386 0.385811 0.385811 0.385811
2983.398193 0.000000 394.474854 0.000000 0.994891 0.000000 0.100959 0.397374 0.397374 0.397374
3003.607422 0.000000 391.028778 0.000000 0.958252 0.000000 -0.285926 0.410135 0.410135 0.410135
3012.717041 0.000000 398.845428 0.000000 0.920156 0.000000 0.391553 0.385537 0.385537 0.385537
3012.240967 0.000000 390.596741 0.000000 0.998991 0.000000 -0.044916 0.401929 0.401929 0.401929
3001.901855 0.000000 382.185760 0.000000 0.969931 0.000000 0.243380 0.391284 0.391284 0.391284
3017.205078 0.000000 384.413574 0.000000 0.486988 0.000000 0.873408 0.343783 0.343783 0.343783
3013.216797 0.000000 381.909485 0.000000 0.046140 0.000000 0.998935 0.270585 0.270585 0.270585
3019.370117 0.000000 396.178741 0.000000 0.616633 0.000000 -0.787250 0.442992 0.442992 0.442992
3009.773193 0.000000 385.617371 0.000000 0.969689 0.000000 0.244342 0.380280 0.380280 0.380280
3005.281006 0.000000 386.879089 0.000000 0.365016 0.000000 0.931001 0.321097 0.321097 0.321097
3017.510986 0.000000 379.899811 0.000000 0.266760 0.000000 0.963763 0.316216 0.316216 0.316216
2716.176025 0.000000 424.455566 0.000000 0.511501 0.000000 0.859283 0.389676 0.389676 0.389676
2814.057617 0.000000 429.848175 0.000000 0.957430 0.000000 0.288665 0.397076 0.397076 0.397076
2771.838867 0.000000 479.765259 0.000000 0.487841 0.000000 0.872933 0.389933 0.389933 0.389933
2837.445801 0.000000 514.460022 0.000000 0.844763 0.000000 -0.535140 0.410714 0.410714 0.410714
2912.119629 0.000000 462.209076 0.000000 0.992070 0.000000 -0.125689 0.401951 0.401951 0.401951
2909.437988 0.000000 465.301910 0.000000 0.999112 0.000000 0.042128 0.399158 0.399158 0.399158
2885.300781 0.000000 474.262726 0.000000 0.640721 0.000000 0.767774 0.379895 0.379895 0.379895
2887.678955 0.000000 461.380829 0.000000 0.704234 0.000000 0.709968 0.381868 0.381868 0.381868
2886.889893 0.000000 470.576874 0.000000 0.653145 0.000000 0.757233 0.379840 0.379840 0.379840
2884.902588 0.000000 467.625946 0.000000 0.328366 0.000000 0.944551 0.370989 0.370989 0.370989
2896.013916 0.000000 425.255951 0.000000 0.609813 0.000000 -0.792545 0.445229 0.445229 0.445229
2901.361572 0.000000 423.992889 0.000000 0.884522 0.000000 0.466499 0.377463 0.377463 0.377463
2897.579102 0.000000 420.953888 0.000000 0.448254 0.000000 -0.893906 0.451357 0.451357 0.451357
2897.637207 0.000000 423.928986 0.000000 0.856727 0.000000 -0.515770 0.435716 0.435716 0.435716
2995.440674 0.000000 427.397400 0.000000 0.365618 0.000000 -0.930765 0.401792 0.401792 0.401792
2997.769775 0.000000 448.632812 0.000000 0.361703 0.000000 -0.932293 0.407194 0.407194 0.407194
2985.075928 0.000000 475.836914 0.000000 0.312871 0.000000 0.949796 0.393120 0.393120 0.393120
2971.727783 0.000000 444.437927 0.000000 0.158129 0.000000 0.987418 0.388015 0.388015 0.388015
3005.921875 0.000000 456.997284 0.000000 0.999934 0.000000 0.011515 0.399908 0.399908 0.399908
2953.642334 0.000000 449.123840 0.000000 0.211718 0.000000 -0.977331 0.412878 0.412878 0.412878
3023.203369 0.000000 457.185547 0.000000 0.704733 0.000000 0.709473 0.391730 0.391730 0.391730
2958.326660 0.000000 457.900238 0.000000 0.905314 0.000000 -0.424744 0.404600 0.404600 0.404600
2983.810059 0.000000 470.611938 0.000000 0.949749 0.000000 -0.313011 0.404451 0.404451 0.404451
2980.729980 0.000000 434.973877 0.000000 0.471496 0.000000 -0.881868 0.417253 0.417253 0.417253
2967.939941 0.000000 433.662598 0.000000 0.192831 0.000000 0.981232 0.377315 0.377315 0.377315
2973.831543 0.000000 429.096039 0.000000 0.708491 0.000000 0.705719 0.386700 0.386700 0.386700
2993.940186 0.000000 469.754791 0.000000 0.979827 0.000000 -0.199850 0.404521 0.404521 0.404521
2987.069580 0.000000 472.693359 0.000000 0.998168 0.000000 0.060502 0.398730 0.398730 0.398730
2891.665527 0.000000 517.753113 0.000000 0.459548 0.000000 -0.888153 0.404367 0.404367 0.404367
2863.370361 0.000000 505.417175 0.000000 0.656378 0.000000 -0.754432 0.405122 0.405122 0.405122
2935.729980 0.000000 480.724945 0.000000 0.387231 0.000000 0.921983 0.392971 0.392971 0.392971
2857.061523 0.000000 492.615753 0.000000 0.931839 0.000000 -0.362873 0.402967 0.402967 0.402967
2913.409180 0.000000 489.539398 0.000000 0.197718 0.000000 0.980259 0.385616 0.385616 0.385616
2864.569824 0.000000 527.926086 0.000000 0.963896 0.000000 0.266278 0.395559 0.395559 0.395559
2938.036865 0.000000 484.432434 0.000000 0.716751 0.000000 -0.697329 0.413871 0.413871 0.413871
2860.454346 0.000000 530.124817 0.000000 0.488826 0.000000 -0.872381 0.421172 0.421172 0.421172
2861.194580 0.000000 509.053162 0.000000 0.213482 0.000000 -0.976947 0.429106 0.429106 0.429106
2875.887695 0.000000 516.659790 0.000000 0.984849 0.000000 0.173416 0.392690 0.392690 0.392690
2957.569336 0.000000 482.725739 0.000000 0.900864 0.000000 0.434102 0.397309 0.397309 0.397309
2993.228516 0.000000 525.700989 0.000000 0.991295 0.000000 0.131658 0.398286 0.398286 0.398286
2996.111816 0.000000 530.193420 0.000000 0.460953 0.000000 -0.887425 0.414718 0.414718 0.414718
3005.385742 0.000000 496.130157 0.000000 0.994365 0.000000 0.106011 0.398197 0.398197 0.398197
3000.189209 0.000000 496.302673 0.000000 0.002579 0.000000 0.999997 0.372594 0.372594 0.372594
2975.869385 0.000000 488.612335 0.000000 0.553630 0.000000 0.832763 0.385751 0.385751 0.385751
2944.887451 0.000000 481.555298 0.000000 0.516506 0.000000 0.856283 0.380494 0.380494 0.380494
2970.992432 0.000000 489.968597 0.000000 0.932457 0.000000 0.361282 0.390218 0.390218 0.390218
2966.528809 0.000000 498.767548 0.000000 0.619835 0.000000 -0.784732 0.431085 0.431085 0.431085
2962.818848 0.000000 478.971832 0.000000 0.976108 0.000000 -0.217285 0.406015 0.406015 0.406015
2963.834717 0.000000 484.932465 0.000000 0.971260 0.000000 0.238021 0.390280 0.390280 0.390280
2963.313721 0.000000 488.569122 0.000000 0.760324 0.000000 -0.649544 0.425416 0.425416 0.425416
2966.645264 0.000000 484.096466 0.000000 0.958594 0.000000 -0.284776 0.411535 0.411535 0.411535
2969.297119 0.000000 487.139923 0.000000 0.681596 0.000000 0.731728 0.372539 0.372539 0.372539
2965.379150 0.000000 493.088989 0.000000 0.369260 0.000000 -0.929326 0.445256 0.445256 0.445256
2960.137695 0.000000 483.893951 0.000000 0.751075 0.000000 0.660217 0.370115 0.370115 0.370115
2968.429932 0.000000 489.665222 0.000000 0.906809 0.000000 -0.421542 0.416730 0.416730 0.416730
3090.572754 0.000000 284.530762 0.000000 0.366108 0.000000 -0.930573 0.412540 0.412540 0.412540
3047.336182 0.000000 361.636078 0.000000 0.598367 0.000000 -0.801222 0.409281 0.409281 0.409281
3023.808105 0.000000 388.090271 0.000000 0.067915 0.000000 0.997691 0.379740 0.379740 0.379740
3128.940186 0.000000 407.879303 0.000000 0.694829 0.000000 0.719175 0.396393 0.396393 0.396393
3170.985596 0.000000 375.589966 0.000000 0.559928 0.000000 0.828541 0.391711 0.391711 0.391711
3151.794434 0.000000 402.627563 0.000000 0.689562 0.000000 -0.724226 0.408492 0.408492 0.408492
3157.380859 0.000000 398.677368 0.000000 0.303154 0.000000 -0.952941 0.418916 0.418916 0.418916
3147.308594 0.000000 384.731537 0.000000 0.898545 0.000000 -0.438881 0.408394 0.408394 0.408394
3154.936523 0.000000 385.091949 0.000000 0.415785 0.000000 -0.909463 0.421098 0.421098 0.421098
3150.645020 0.000000 387.209503 0.000000 0.993793 0.000000 0.111245 0.397996 0.397996 0.397996
3152.221191 0.000000 379.415894 0.000000 0.884710 0.000000 0.466142 0.390073 0.390073 0.390073
3229.084473 0.000000 295.846710 0.000000 0.879822 0.000000 -0.475304 0.402473 0.402473 0.402473
3271.931396 0.000000 333.589783 0.000000 0.765456 0.000000 -0.643489 0.404887 0.404887 0.404887
3286.530273 0.000000 328.332947 0.000000 0.685271 0.000000 0.728288 0.391038 0.391038 0.391038
3286.335938 0.000000 318.128357 0.000000 0.994570 0.000000 0.104067 0.398959 0.398959 0.398959
3283.441895 0.000000 327.206970 0.000000 0.783145 0.000000 0.621839 0.383246 0.383246 0.383246
3206.195312 0.000000 352.789062 0.000000 0.874807 0.000000 0.484472 0.398990 0.398990 0.398990
3199.416260 0.000000 404.512787 0.000000 0.006275 0.000000 0.999980 0.390626 0.390626 0.390626
3191.983643 0.000000 394.755310 0.000000 0.584875 0.000000 -0.811123 0.407086 0.407086 0.407086
3245.205078 0.000000 389.732239 0.000000 0.955580 0.000000 0.294733 0.395519 0.395519 0.395519
3223.447510 0.000000 385.066711 0.000000 0.659513 0.000000 0.751693 0.387683 0.387683 0.387683
3200.538574 0.000000 391.957336 0.000000 0.107962 0.000000 -0.994155 0.423370 0.423370 0.423370
3271.774658 0.000000 356.886047 0.000000 0.999653 0.000000 -0.026330 0.400355 0.400355 0.400355
3223.626221 0.000000 380.672974 0.000000 0.050916 0.000000 0.998703 0.374198 0.374198 0.374198
3205.896729 0.000000 364.386810 0.000000 0.944385 0.000000 -0.328841 0.407194 0.407194 0.407194
3265.446045 0.000000 362.070831 0.000000 0.984884 0.000000 -0.173217 0.402869 0.402869 0.402869
3208.131348 0.000000 361.161987 0.000000 0.659981 0.000000 0.751283 0.381326 0.381326 0.381326
3212.115723 0.000000 367.787170 0.000000 0.772930 0.000000 -0.634491 0.413385 0.413385 0.413385
3211.988281 0.000000 360.571564 0.000000 0.990298 0.000000 -0.138962 0.402993 0.402993 0.402993
3206.609375 0.000000 356.112396 0.000000 0.366987 0.000000 0.930226 0.372552 0.372552 0.372552
3272.148193 0.000000 360.672729 0.000000 0.804376 0.000000 -0.594121 0.419376 0.419376 0.419376
3316.481445 0.000000 377.787598 0.000000 0.446775 0.000000 0.894647 0.391704 0.391704 0.391704
3359.172119 0.000000 389.201172 0.000000 0.678028 0.000000 -0.735036 0.408658 0.408658 0.408658
3311.838135 0.000000 352.643585 0.000000 0.762786 0.000000 -0.646650 0.409480 0.409480 0.409480
3317.090332 0.000000 373.887726 0.000000 0.987949 0.000000 -0.154782 0.403104 0.403104 0.403104
3316.294678 0.000000 370.335876 0.000000 0.996103 0.000000 0.088202 0.397090 0.397090 0.397090
3306.779541 0.000000 358.457153 0.000000 0.073243 0.000000 -0.997314 0.436638 0.436638 0.436638
3312.772461 0.000000 356.070740 0.000000 0.375566 0.000000 -0.926796 0.444998 0.444998 0.444998
3316.166748 0.000000 364.116943 0.000000 0.834195 0.000000 0.551469 0.378417 0.378417 0.378417
3344.543945 0.000000 387.775665 0.000000 0.688688 0.000000 -0.725058 0.427945 0.427945 0.427945
3311.092773 0.000000 370.752930 0.000000 0.031640 0.000000 0.999499 0.347741 0.347741 0.347741
3340.454346 0.000000 384.789246 0.000000 0.916518 0.000000 -0.399994 0.414588 0.414588 0.414588
3314.869141 0.000000 361.836578 0.000000 0.735216 0.000000 0.677833 0.360580 0.360580 0.360580
3311.445312 0.000000 359.030701 0.000000 0.999963 0.000000 0.008623 0.399664 0.399664 0.399664
3314.458984 0.000000 365.714508 0.000000 0.999605 0.000000 -0.028113 0.401334 0.401334 0.401334
3310.962646 0.000000 362.953125 0.000000 0.251519 0.000000 -0.967852 0.477569 0.477569 0.477569
3037.236084 0.000000 442.773834 0.000000 0.858919 0.000000 -0.512111 0.401611 0.401611 0.401611
3046.891846 0.000000 423.697723 0.000000 0.755600 0.000000 -0.655033 0.402853 0.402853 0.402853
3061.100098 0.000000 431.815460 0.000000 0.966877 0.000000 0.255243 0.398454 0.398454 0.398454
3042.981934 0.000000 446.015839 0.000000 0.870793 0.000000 0.491650 0.396664 0.396664 0.396664
3023.999268 0.000000 462.739685 0.000000 0.841204 0.000000 0.540718 0.394010 0.394010 0.394010
3068.328857 0.000000 419.408691 0.000000 0.941628 0.000000 0.336654 0.396743 0.396743 0.396743
3034.553711 0.000000 464.301697 0.000000 0.986174 0.000000 0.165713 0.398254 0.398254 0.398254
3067.802246 0.000000 470.611938 0.000000 0.708768 0.000000 -0.705442 0.408211 0.408211 0.408211
3061.977783 0.000000 427.284821 0.000000 0.958763 0.000000 -0.284208 0.403741 0.403741 0.403741
3103.552002 0.000000 473.702362 0.000000 0.851818 0.000000 0.523838 0.388988 0.388988 0.388988
3090.060547 0.000000 469.311218 0.000000 0.826639 0.000000 -0.562733 0.411937 0.411937 0.411937
3091.363770 0.000000 453.216431 0.000000 0.599844 0.000000 -0.800117 0.418987 0.418987 0.418987
3077.422363 0.000000 465.301910 0.000000 0.623720 0.000000 0.781648 0.385663 0.385663 0.385663
3106.243408 0.000000 466.127930 0.000000 0.175502 0.000000 0.984479 0.365189 0.365189 0.365189
3056.072266 0.000000 432.853302 0.000000 0.945736 0.000000 0.324937 0.393225 0.393225 0.393225
3040.146973 0.000000 429.146362 0.000000 0.925431 0.000000 0.378916 0.390880 0.390880 0.390880
3044.131348 0.000000 435.771545 0.000000 0.358079 0.000000 -0.933691 0.430675 0.430675 0.430675
3098.333740 0.000000 464.650116 0.000000 0.802328 0.000000 0.596883 0.384671 0.384671 0.384671
3100.892090 0.000000 471.465363 0.000000 0.846458 0.000000 -0.532456 0.413457 0.413457 0.413457
3096.719971 0.000000 471.696167 0.000000 0.777281 0.000000 -0.629154 0.415629 0.415629 0.415629
3045.655762 0.000000 432.659088 0.000000 0.872790 0.000000 -0.488096 0.413239 0.413239 0.413239
3102.926758 0.000000 458.323578 0.000000 0.369173 0.000000 0.929361 0.370224 0.370224 0.370224
3094.780518 0.000000 468.887512 0.000000 0.324396 0.000000 0.945921 0.369032 0.369032 0.369032
3048.498779 0.000000 432.924164 0.000000 0.795591 0.000000 -0.605834 0.428596 0.428596 0.428596
3057.861084 0.000000 422.315460 0.000000 0.384250 0.000000 -0.923229 0.454627 0.454627 0.454627
3059.468750 0.000000 427.015076 0.000000 0.452355 0.000000 0.891838 0.341707 0.341707 0.341707
3053.787109 0.000000 432.132355 0.000000 0.283815 0.000000 0.958879 0.341062 0.341062 0.341062
3056.022217 0.000000 430.489105 0.000000 0.446537 0.000000 -0.894765 0.460297 0.460297 0.460297
3135.648926 0.000000 449.951599 0.000000 0.829174 0.000000 0.558991 0.397334 0.397334 0.397334
3112.716064 0.000000 409.241455 0.000000 0.615791 0.000000 0.787909 0.394563 0.394563 0.394563
3187.939209 0.000000 469.558533 0.000000 0.995765 0.000000 -0.091939 0.400598 0.400598 0.400598
3186.265381 0.000000 454.626495 0.000000 0.259157 0.000000 0.965835 0.387585 0.387585 0.387585
3189.273438 0.000000 444.087433 0.000000 0.958896 0.000000 -0.283758 0.402586 0.402586 0.402586
3148.497070 0.000000 445.771973 0.000000 0.936623 0.000000 -0.350339 0.403217 0.403217 0.403217
3144.724365 0.000000 456.090576 0.000000 0.649175 0.000000 0.760639 0.390937 0.390937 0.390937
3109.602539 0.000000 452.094452 0.000000 0.859562 0.000000 0.511031 0.394376 0.394376 0.394376
3191.279053 0.000000 408.081726 0.000000 0.833497 0.000000 0.552524 0.395031 0.395031 0.395031
3118.545898 0.000000 464.301697 0.000000 0.517830 0.000000 0.855483 0.389749 0.389749 0.389749
3191.187744 0.000000 457.185547 0.000000 0.993327 0.000000 -0.115329 0.401154 0.401154 0.401154
3141.169189 0.000000 467.826202 0.000000 0.992517 0.000000 0.122106 0.398778 0.398778 0.398778
3124.584961 0.000000 473.125977 0.000000 0.969612 0.000000 0.244649 0.397408 0.397408 0.397408
3116.970947 0.000000 468.264404 0.000000 0.733471 0.000000 -0.679721 0.413807 0.413807 0.413807
3107.800293 0.000000 456.074646 0.000000 0.776691 0.000000 -0.629882 0.413609 0.413609 0.413609
3168.896729 0.000000 468.299133 0.000000 0.946858 0.000000 0.321652 0.395095 0.395095 0.395095
3183.566895 0.000000 457.704773 0.000000 0.977208 0.000000 0.212282 0.395621 0.395621 0.395621
3167.476074 0.000000 464.268158 0.000000 0.799088 0.000000 0.601214 0.385185 0.385185 0.385185
3125.137695 0.000000 449.221497 0.000000 0.013171 0.000000 0.999913 0.365780 0.365780 0.365780
3109.313477 0.000000 459.454041 0.000000 0.866246 0.000000 -0.499618 0.412016 0.412016 0.412016
3118.686768 0.000000 457.005249 0.000000 0.634946 0.000000 -0.772556 0.438792 0.438792 0.438792
3103.130127 0.000000 529.696899 0.000000 0.827153 0.000000 -0.561977 0.401192 0.401192 0.401192
3068.680420 0.000000 533.535889 0.000000 0.221284 0.000000 -0.975209 0.409421 0.409421 0.409421
3093.303955 0.000000 513.112061 0.000000 0.732302 0.000000 -0.680980 0.404488 0.404488 0.404488
3086.993408 0.000000 511.558716 0.000000 0.931054 0.000000 0.364882 0.397203 0.397203 0.397203
3086.081055 0.000000 505.715240 0.000000 0.923671 0.000000 -0.383186 0.403338 0.403338 0.403338
3098.567871 0.000000 536.725891 0.000000 0.999390 0.000000 0.034915 0.399599 0.399599 0.399599
3094.523193 0.000000 518.395142 0.000000 0.998574 0.000000 0.053391 0.399440 0.399440 0.399440
3040.592773 0.000000 541.110352 0.000000 0.821341 0.000000 0.570437 0.392726 0.392726 0.392726
3102.973389 0.000000 518.213074 0.000000 0.294997 0.000000 -0.955498 0.419679 0.419679 0.419679
3098.806641 0.000000 519.817749 0.000000 0.127067 0.000000 -0.991894 0.423062 0.423062 0.423062
3154.193359 0.000000 501.569305 0.000000 0.598339 0.000000 -0.801243 0.402784 0.402784 0.402784
3168.424316 0.000000 476.428345 0.000000 0.492256 0.000000 0.870450 0.394199 0.394199 0.394199
3139.712158 0.000000 512.422302 0.000000 0.989965 0.000000 0.141315 0.399150 0.399150 0.399150
3131.958740 0.000000 503.700745 0.000000 0.790783 0.000000 0.612096 0.394409 0.394409 0.394409
3126.472168 0.000000 507.148102 0.000000 0.229484 0.000000 0.973312 0.391307 0.391307 0.391307
3165.521484 0.000000 523.177673 0.000000 0.550096 0.000000 0.835101 0.393091 0.393091 0.393091
3131.328369 0.000000 497.604828 0.000000 0.999787 0.000000 0.020651 0.399794 0.399794 0.399794
3125.656738 0.000000 493.574127 0.000000 0.988613 0.000000 -0.150477 0.401508 0.401508 0.401508
3182.560059 0.000000 536.725891 0.000000 0.620860 0.000000 -0.783921 0.411696 0.411696 0.411696
3123.928711 0.000000 531.976562 0.000000 0.200150 0.000000 -0.979765 0.417092 0.417092 0.417092
3141.645752 0.000000 480.763885 0.000000 0.153813 0.000000 -0.988100 0.414144 0.414144 0.414144
3185.756592 0.000000 533.885010 0.000000 0.410367 0.000000 0.911921 0.382805 0.382805 0.382805
3183.566895 0.000000 525.689148 0.000000 0.199928 0.000000 0.979811 0.378802 0.378802 0.378802
3123.911377 0.000000 478.898224 0.000000 0.117141 0.000000 -0.993115 0.434833 0.434833 0.434833
3128.628418 0.000000 481.209595 0.000000 0.432485 0.000000 0.901641 0.373072 0.373072 0.373072
3126.291992 0.000000 530.328491 0.000000 0.902470 0.000000 0.430753 0.384435 0.384435 0.384435
3131.708008 0.000000 529.690369 0.000000 0.561810 0.000000 0.827267 0.359139 0.359139 0.359139
3127.642822 0.000000 528.092834 0.000000 0.983390 0.000000 -0.181505 0.408293 0.408293 0.408293
3157.589111 0.000000 521.481750 0.000000 0.073624 0.000000 -0.997286 0.484470 0.484470 0.484470
3231.692139 0.000000 422.721436 0.000000 0.978411 0.000000 -0.206671 0.400312 0.400312 0.400312
3204.476807 0.000000 427.671692 0.000000 0.860304 0.000000 -0.509781 0.403472 0.403472 0.403472
3273.265625 0.000000 444.087433 0.000000 0.499674 0.000000 0.866214 0.390062 0.390062 0.390062
3193.594727 0.000000 452.094452 0.000000 0.128947 0.000000 0.991651 0.384885 0.384885 0.384885
3256.123047 0.000000 465.618896 0.000000 0.980718 0.000000 -0.195427 0.402259 0.402259 0.402259
3234.018555 0.000000 429.848175 0.000000 0.999292 0.000000 -0.037631 0.400376 0.400376 0.400376
3242.765625 0.000000 430.232910 0.000000 0.702803 0.000000 0.711385 0.391701 0.391701 0.391701
3200.538574 0.000000 459.941711 0.000000 0.646316 0.000000 -0.763070 0.410836 0.410836 0.410836
3266.791016 0.000000 451.833374 0.000000 0.109940 0.000000 0.993938 0.380309 0.380309 0.380309
3215.729980 0.000000 472.869659 0.000000 0.532679 0.000000 -0.846317 0.419649 0.419649 0.419649
3252.888916 0.000000 468.299133 0.000000 0.828798 0.000000 0.559548 0.390512 0.390512 0.390512
3267.559082 0.000000 457.704773 0.000000 0.073818 0.000000 -0.997272 0.432887 0.432887 0.432887
3251.468262 0.000000 464.268158 0.000000 0.141218 0.000000 -0.989979 0.434251 0.434251 0.434251
3229.171387 0.000000 465.815369 0.000000 0.698230 0.000000 0.715874 0.381674 0.381674 0.381674
3199.892578 0.000000 456.469971 0.000000 0.521605 0.000000 0.853187 0.377035 0.377035 0.377035
3212.704346 0.000000 455.197021 0.000000 0.987655 0.000000 -0.156646 0.403770 0.403770 0.403770
3328.413086 0.000000 445.763977 0.000000 0.454762 0.000000 -0.890613 0.411520 0.411520 0.411520
3319.605225 0.000000 438.899780 0.000000 0.441838 0.000000 -0.897095 0.411116 0.411116 0.411116
3359.263428 0.000000 408.081726 0.000000 0.638760 0.000000 0.769406 0.391233 0.391233 0.391233
3325.235107 0.000000 438.814056 0.000000 0.268433 0.000000 0.963298 0.386379 0.386379 0.386379
3282.566895 0.000000 444.307434 0.000000 0.884309 0.000000 -0.466903 0.405336 0.405336 0.405336
3350.563232 0.000000 414.225006 0.000000 0.911322 0.000000 -0.411694 0.404237 0.404237 0.404237
3342.549316 0.000000 420.499512 0.000000 0.633548 0.000000 0.773704 0.390724 0.390724 0.390724
3292.569336 0.000000 473.125977 0.000000 0.960966 0.000000 -0.276668 0.402939 0.402939 0.402939
3311.838135 0.000000 420.627960 0.000000 0.555660 0.000000 -0.831410 0.417645 0.417645 0.417645
3304.570312 0.000000 441.216766 0.000000 0.800089 0.000000 0.599881 0.388757 0.388757 0.388757
3318.407471 0.000000 425.941071 0.000000 0.789057 0.000000 -0.614320 0.414864 0.414864 0.414864
3318.269287 0.000000 416.295868 0.000000 0.323690 0.000000 -0.946163 0.424169 0.424169 0.424169
3319.275635 0.000000 422.657928 0.000000 0.160916 0.000000 0.986968 0.368337 0.368337 0.368337
3302.497559 0.000000 430.783173 0.000000 0.039873 0.000000 -0.999205 0.447393 0.447393 0.447393
3306.264404 0.000000 434.910065 0.000000 0.917640 0.000000 -0.397413 0.417142 0.417142 0.417142
3308.890625 0.000000 437.598480 0.000000 0.260948 0.000000 -0.965353 0.455462 0.455462 0.455462
3196.375000 0.000000 525.991089 0.000000 0.676013 0.000000 -0.736889 0.401241 0.401241 0.401241
3254.815674 0.000000 492.106598 0.000000 0.105751 0.000000 -0.994393 0.407314 0.407314 0.407314
3227.509277 0.000000 530.465637 0.000000 0.292253 0.000000 0.956341 0.391729 0.391729 0.391729
3230.325684 0.000000 483.860870 0.000000 0.203098 0.000000 -0.979159 0.411597 0.411597 0.411597
3254.977783 0.000000 511.558716 0.000000 0.213974 0.000000 0.976839 0.387144 0.387144 0.387144
3193.594727 0.000000 520.078796 0.000000 0.602630 0.000000 0.798021 0.391695 0.391695 0.391695
3235.786621 0.000000 538.596313 0.000000 0.987130 0.000000 -0.159921 0.402085 0.402085 0.402085
3191.792480 0.000000 524.059021 0.000000 0.614908 0.000000 -0.788599 0.414516 0.414516 0.414516
3196.864014 0.000000 481.555298 0.000000 0.980083 0.000000 0.198590 0.397105 0.397105 0.397105
3254.241211 0.000000 488.078674 0.000000 0.804681 0.000000 -0.593707 0.412378 0.412378 0.412378
3295.869629 0.000000 477.813049 0.000000 0.706558 0.000000 -0.707655 0.407458 0.407458 0.407458
3381.106689 0.000000 394.467285 0.000000 0.497159 0.000000 -0.867659 0.404196 0.404196 0.404196
3429.272705 0.000000 377.143341 0.000000 0.768532 0.000000 -0.639811 0.405893 0.405893 0.405893
3422.962158 0.000000 375.589966 0.000000 0.873201 0.000000 -0.487361 0.403304 0.403304 0.403304
3361.579102 0.000000 384.110077 0.000000 0.631993 0.000000 0.774974 0.392474 0.392474 0.392474
3370.522461 0.000000 396.317322 0.000000 0.992819 0.000000 0.119630 0.398743 0.398743 0.398743
3375.905273 0.000000 396.007782 0.000000 0.521887 0.000000 0.853015 0.389287 0.389287 0.389287
3523.239014 0.000000 368.492432 0.000000 0.659155 0.000000 0.752007 0.397450 0.397450 0.397450
3500.579102 0.000000 404.983734 0.000000 0.126321 0.000000 0.991989 0.385579 0.385579 0.385579
3481.938721 0.000000 359.300446 0.000000 0.855650 0.000000 -0.517555 0.408149 0.408149 0.408149
3503.156738 0.000000 376.848450 0.000000 0.972798 0.000000 -0.231655 0.405253 0.405253 0.405253
3515.721680 0.000000 369.673126 0.000000 0.999980 0.000000 -0.006376 0.400153 0.400153 0.400153
3517.422607 0.000000 362.070831 0.000000 0.689121 0.000000 -0.724647 0.414165 0.414165 0.414165
3520.755859 0.000000 365.600098 0.000000 0.116237 0.000000 0.993222 0.373133 0.373133 0.373133
3509.383301 0.000000 378.491241 0.000000 0.759735 0.000000 0.650232 0.381974 0.381974 0.381974
3505.746582 0.000000 379.506165 0.000000 0.609673 0.000000 0.792653 0.378067 0.378067 0.378067
3510.527832 0.000000 374.529846 0.000000 0.753816 0.000000 -0.657085 0.416825 0.416825 0.416825
3516.853027 0.000000 376.296814 0.000000 0.707548 0.000000 -0.706665 0.418417 0.418417 0.418417
3514.377686 0.000000 373.636139 0.000000 0.874751 0.000000 -0.484572 0.412124 0.412124 0.412124
3504.343994 0.000000 372.937683 0.000000 0.995303 0.000000 -0.096805 0.402033 0.402033 0.402033
3519.299561 0.000000 369.276703 0.000000 0.569538 0.000000 0.821965 0.378321 0.378321 0.378321
3503.566650 0.000000 383.744720 0.000000 0.090316 0.000000 -0.995913 0.433262 0.433262 0.433262
3511.509033 0.000000 381.054688 0.000000 0.296724 0.000000 -0.954963 0.441203 0.441203 0.441203
3427.932861 0.000000 438.701660 0.000000 0.456710 0.000000 -0.889615 0.403832 0.403832 0.403832
3383.304932 0.000000 429.620453 0.000000 0.719930 0.000000 0.694047 0.392340 0.392340 0.392340
3359.784180 0.000000 411.780884 0.000000 0.809298 0.000000 -0.587398 0.406583 0.406583 0.406583
3433.233154 0.000000 461.093201 0.000000 0.942191 0.000000 0.335077 0.396417 0.396417 0.396417
3427.940674 0.000000 432.503693 0.000000 0.827084 0.000000 -0.562079 0.406259 0.406259 0.406259
3418.057861 0.000000 433.621246 0.000000 0.963858 0.000000 0.266416 0.396768 0.396768 0.396768
3493.829590 0.000000 413.782684 0.000000 0.203395 0.000000 -0.979097 0.414323 0.414323 0.414323
3014.923096 0.000000 558.974915 0.000000 0.701961 0.000000 0.712215 0.391689 0.391689 0.391689
3056.021729 0.000000 554.368530 0.000000 0.996912 0.000000 0.078526 0.399647 0.399647 0.399647
3054.366699 0.000000 573.596008 0.000000 0.508005 0.000000 -0.861354 0.407255 0.407255 0.407255
3048.019775 0.000000 591.624695 0.000000 0.893685 0.000000 -0.448695 0.404414 0.404414 0.404414
3060.732178 0.000000 592.059326 0.000000 0.579945 0.000000 0.814655 0.390492 0.390492 0.390492
3098.915283 0.000000 558.974915 0.000000 0.918321 0.000000 -0.395837 0.404064 0.404064 0.404064
3075.193359 0.000000 560.190247 0.000000 0.753817 0.000000 -0.657084 0.409665 0.409665 0.409665
3104.184814 0.000000 567.869202 0.000000 0.331257 0.000000 -0.943541 0.417240 0.417240 0.417240
3025.161865 0.000000 565.784790 0.000000 0.637976 0.000000 0.770056 0.384640 0.384640 0.384640
3023.990234 0.000000 556.598694 0.000000 0.641447 0.000000 0.767167 0.386029 0.386029 0.386029
3042.251709 0.000000 557.443054 0.000000 0.928405 0.000000 0.371571 0.392206 0.392206 0.392206
3044.636230 0.000000 549.193970 0.000000 0.431186 0.000000 -0.902263 0.426401 0.426401 0.426401
3050.637451 0.000000 552.080872 0.000000 0.083137 0.000000 0.996538 0.353206 0.353206 0.353206
3148.497070 0.000000 581.740723 0.000000 0.936892 0.000000 0.349618 0.396790 0.396790 0.396790
3109.038086 0.000000 560.600098 0.000000 0.899544 0.000000 0.436830 0.395937 0.395937 0.395937
3177.259521 0.000000 607.811646 0.000000 0.626342 0.000000 -0.779549 0.409373 0.409373 0.409373
3160.428711 0.000000 581.732727 0.000000 0.973985 0.000000 0.226611 0.398060 0.398060 0.398060
3156.076172 0.000000 592.831360 0.000000 0.912642 0.000000 -0.408760 0.403785 0.403785 0.403785
3172.130859 0.000000 601.587646 0.000000 0.122053 0.000000 -0.992524 0.413018 0.413018 0.413018
3182.578857 0.000000 550.193726 0.000000 0.607194 0.000000 0.794553 0.388079 0.388079 0.388079
3168.424316 0.000000 612.397095 0.000000 0.242069 0.000000 0.970259 0.394040 0.394040 0.394040
3174.736816 0.000000 614.360229 0.000000 0.756450 0.000000 0.654051 0.395728 0.395728 0.395728
3229.435303 0.000000 544.817139 0.000000 0.992253 0.000000 0.124230 0.399751 0.399751 0.399751
3219.641113 0.000000 585.920349 0.000000 0.537643 0.000000 0.843172 0.395492 0.395492 0.395492
3222.006104 0.000000 544.413696 0.000000 0.161622 0.000000 0.986853 0.392264 0.392264 0.392264
3245.320312 0.000000 570.857422 0.000000 0.878331 0.000000 0.478053 0.397262 0.397262 0.397262
3273.265625 0.000000 580.056213 0.000000 0.970972 0.000000 -0.239194 0.401930 0.401930 0.401930
3241.242920 0.000000 574.782837 0.000000 0.353488 0.000000 0.935439 0.386714 0.386714 0.386714
3293.641113 0.000000 561.558472 0.000000 0.977768 0.000000 0.209688 0.397785 0.397785 0.397785
3295.869629 0.000000 545.797424 0.000000 0.977824 0.000000 0.209428 0.397788 0.397788 0.397788
3297.130127 0.000000 554.481445 0.000000 0.956127 0.000000 0.292951 0.396883 0.396883 0.396883
"}
