object={
	name="tree_cypress_01_generator_1_0"
	clamp_to_water_level=no
	render_under_water=no
	generated_content=yes
	layer="tree_high_layer"
	pdxmesh="tree_cypress_01_a_mesh"
	count=366
	transform="2666.897949 0.000000 539.908569 0.000000 0.888806 0.000000 0.458284 1.000000 1.000000 1.000000
2668.177734 0.000000 533.603271 0.000000 0.260560 0.000000 0.965458 1.000000 1.000000 1.000000
2653.427734 0.000000 534.646118 0.000000 0.433212 0.000000 0.901292 1.000000 1.000000 1.000000
2650.911865 0.000000 536.974182 0.000000 0.976202 0.000000 -0.216864 1.000000 1.000000 1.000000
2646.516357 0.000000 541.777893 0.000000 0.308566 0.000000 -0.951203 1.000000 1.000000 1.000000
2665.547119 0.000000 533.984619 0.000000 0.603961 0.000000 -0.797014 1.000000 1.000000 1.000000
2651.110107 0.000000 533.834106 0.000000 0.707314 0.000000 -0.706900 1.000000 1.000000 1.000000
2650.183594 0.000000 531.619812 0.000000 0.899215 0.000000 -0.437506 1.000000 1.000000 1.000000
2659.521973 0.000000 527.326782 0.000000 0.523169 0.000000 0.852229 1.000000 1.000000 1.000000
2648.773193 0.000000 541.572021 0.000000 0.518051 0.000000 0.855350 1.000000 1.000000 1.000000
2644.671875 0.000000 542.948364 0.000000 0.086624 0.000000 -0.996241 1.000000 1.000000 1.000000
2653.024658 0.000000 529.573120 0.000000 0.595487 0.000000 -0.803365 1.000000 1.000000 1.000000
2664.224365 0.000000 530.436157 0.000000 0.868556 0.000000 -0.495592 1.000000 1.000000 1.000000
2660.961182 0.000000 528.484558 0.000000 0.760982 0.000000 -0.648773 1.000000 1.000000 1.000000
2665.752441 0.000000 541.386292 0.000000 0.993437 0.000000 -0.114379 1.000000 1.000000 1.000000
2656.270020 0.000000 531.508240 0.000000 0.595786 0.000000 -0.803143 1.000000 1.000000 1.000000
2662.358154 0.000000 542.357849 0.000000 0.277575 0.000000 0.960704 1.000000 1.000000 1.000000
2655.064941 0.000000 528.555115 0.000000 0.993902 0.000000 -0.110263 1.000000 1.000000 1.000000
2659.261475 0.000000 528.880737 0.000000 0.060497 0.000000 0.998168 1.000000 1.000000 1.000000
2656.635986 0.000000 529.843384 0.000000 0.978720 0.000000 0.205201 1.000000 1.000000 1.000000
2668.505371 0.000000 536.175110 0.000000 0.151926 0.000000 0.988392 1.000000 1.000000 1.000000
2650.004150 0.000000 533.025940 0.000000 0.127484 0.000000 0.991841 1.000000 1.000000 1.000000
2661.287354 0.000000 529.695190 0.000000 0.242333 0.000000 0.970193 1.000000 1.000000 1.000000
2656.321533 0.000000 528.668884 0.000000 0.226504 0.000000 -0.974010 1.000000 1.000000 1.000000
2658.590088 0.000000 527.981079 0.000000 0.083396 0.000000 0.996517 1.000000 1.000000 1.000000
2347.348389 0.000000 572.445557 0.000000 0.699241 0.000000 -0.714886 1.000000 1.000000 1.000000
2457.192627 0.000000 666.404785 0.000000 0.056108 0.000000 0.998425 1.000000 1.000000 1.000000
2453.879883 0.000000 674.410889 0.000000 0.996677 0.000000 0.081452 1.000000 1.000000 1.000000
2450.693848 0.000000 678.968140 0.000000 0.926726 0.000000 0.375739 1.000000 1.000000 1.000000
2467.095459 0.000000 670.459656 0.000000 0.942348 0.000000 0.334634 1.000000 1.000000 1.000000
2467.615479 0.000000 678.820740 0.000000 0.999987 0.000000 0.005010 1.000000 1.000000 1.000000
2455.170654 0.000000 671.779175 0.000000 0.726841 0.000000 -0.686806 1.000000 1.000000 1.000000
2587.410645 0.000000 589.185181 0.000000 0.219774 0.000000 -0.975551 1.000000 1.000000 1.000000
2592.938965 0.000000 580.249939 0.000000 0.988136 0.000000 0.153581 1.000000 1.000000 1.000000
2595.311035 0.000000 579.092773 0.000000 0.871518 0.000000 0.490364 1.000000 1.000000 1.000000
2588.428711 0.000000 587.189636 0.000000 0.074577 0.000000 0.997215 1.000000 1.000000 1.000000
2655.702881 0.000000 588.046387 0.000000 0.766654 0.000000 0.642060 1.000000 1.000000 1.000000
2650.240234 0.000000 569.553711 0.000000 0.448901 0.000000 0.893581 1.000000 1.000000 1.000000
2654.003906 0.000000 555.111511 0.000000 0.436997 0.000000 0.899463 1.000000 1.000000 1.000000
2647.363770 0.000000 587.292480 0.000000 0.968956 0.000000 0.247234 1.000000 1.000000 1.000000
2659.915039 0.000000 551.388672 0.000000 0.916387 0.000000 -0.400293 1.000000 1.000000 1.000000
2682.312256 0.000000 590.595215 0.000000 0.998136 0.000000 0.061034 1.000000 1.000000 1.000000
2680.913330 0.000000 564.185242 0.000000 0.993243 0.000000 -0.116051 1.000000 1.000000 1.000000
2644.761230 0.000000 570.942627 0.000000 0.068736 0.000000 0.997635 1.000000 1.000000 1.000000
2628.634033 0.000000 601.929626 0.000000 0.598995 0.000000 0.800753 1.000000 1.000000 1.000000
2683.012451 0.000000 586.197449 0.000000 0.175178 0.000000 0.984537 1.000000 1.000000 1.000000
2621.047607 0.000000 603.650330 0.000000 0.990303 0.000000 -0.138923 1.000000 1.000000 1.000000
2659.497803 0.000000 587.530884 0.000000 0.957625 0.000000 0.288019 1.000000 1.000000 1.000000
2670.605957 0.000000 578.482971 0.000000 0.156281 0.000000 -0.987713 1.000000 1.000000 1.000000
2679.377686 0.000000 573.229858 0.000000 0.971154 0.000000 -0.238454 1.000000 1.000000 1.000000
2658.503174 0.000000 584.374207 0.000000 0.739681 0.000000 -0.672957 1.000000 1.000000 1.000000
2656.122314 0.000000 552.204041 0.000000 0.982359 0.000000 0.187006 1.000000 1.000000 1.000000
2640.834961 0.000000 560.023865 0.000000 0.291463 0.000000 0.956582 1.000000 1.000000 1.000000
2640.573730 0.000000 549.482544 0.000000 0.526824 0.000000 0.849974 1.000000 1.000000 1.000000
2647.940918 0.000000 571.629272 0.000000 0.898005 0.000000 0.439985 1.000000 1.000000 1.000000
2686.750244 0.000000 573.214172 0.000000 0.352689 0.000000 -0.935741 1.000000 1.000000 1.000000
2639.507812 0.000000 562.983826 0.000000 0.863564 0.000000 -0.504239 1.000000 1.000000 1.000000
2619.498291 0.000000 606.208374 0.000000 0.197699 0.000000 -0.980263 1.000000 1.000000 1.000000
2661.499023 0.000000 544.579163 0.000000 0.112483 0.000000 -0.993654 1.000000 1.000000 1.000000
2657.412842 0.000000 586.452759 0.000000 0.963026 0.000000 -0.269409 1.000000 1.000000 1.000000
2643.631592 0.000000 546.111511 0.000000 0.404059 0.000000 0.914733 1.000000 1.000000 1.000000
2641.114502 0.000000 574.218567 0.000000 0.918853 0.000000 -0.394601 1.000000 1.000000 1.000000
2660.027344 0.000000 585.634216 0.000000 0.902387 0.000000 -0.430927 1.000000 1.000000 1.000000
2652.469727 0.000000 576.518494 0.000000 0.999636 0.000000 0.026975 1.000000 1.000000 1.000000
2642.388916 0.000000 549.965515 0.000000 0.990616 0.000000 0.136672 1.000000 1.000000 1.000000
2643.628662 0.000000 572.482361 0.000000 0.112873 0.000000 -0.993609 1.000000 1.000000 1.000000
2687.686768 0.000000 560.750916 0.000000 0.993446 0.000000 -0.114300 1.000000 1.000000 1.000000
2642.736328 0.000000 574.924255 0.000000 0.999978 0.000000 0.006653 1.000000 1.000000 1.000000
2633.362061 0.000000 572.213440 0.000000 0.827648 0.000000 0.561247 1.000000 1.000000 1.000000
2654.882080 0.000000 556.491455 0.000000 0.926533 0.000000 -0.376213 1.000000 1.000000 1.000000
2669.082275 0.000000 594.315369 0.000000 0.928771 0.000000 0.370654 1.000000 1.000000 1.000000
2619.392578 0.000000 607.803833 0.000000 0.946502 0.000000 0.322699 1.000000 1.000000 1.000000
2628.855225 0.000000 603.580688 0.000000 0.761175 0.000000 0.648547 1.000000 1.000000 1.000000
2665.363525 0.000000 611.241394 0.000000 0.248883 0.000000 0.968534 1.000000 1.000000 1.000000
2645.088135 0.000000 546.670349 0.000000 0.672663 0.000000 -0.739949 1.000000 1.000000 1.000000
2653.979980 0.000000 576.125488 0.000000 0.142970 0.000000 0.989727 1.000000 1.000000 1.000000
2648.396484 0.000000 568.219421 0.000000 0.999941 0.000000 -0.010818 1.000000 1.000000 1.000000
2632.878418 0.000000 573.538696 0.000000 0.967643 0.000000 0.252322 1.000000 1.000000 1.000000
2644.590332 0.000000 545.055237 0.000000 0.885936 0.000000 -0.463807 1.000000 1.000000 1.000000
2638.429688 0.000000 562.232544 0.000000 0.291238 0.000000 0.956650 1.000000 1.000000 1.000000
2643.455566 0.000000 551.129944 0.000000 0.595712 0.000000 -0.803198 1.000000 1.000000 1.000000
2566.248047 0.000000 637.538086 0.000000 0.999978 0.000000 -0.006660 1.000000 1.000000 1.000000
2564.419678 0.000000 617.166321 0.000000 0.710427 0.000000 0.703771 1.000000 1.000000 1.000000
2577.884033 0.000000 631.473755 0.000000 0.594608 0.000000 -0.804016 1.000000 1.000000 1.000000
2576.477539 0.000000 629.244995 0.000000 0.977070 0.000000 0.212917 1.000000 1.000000 1.000000
2575.995361 0.000000 633.298767 0.000000 0.992541 0.000000 -0.121914 1.000000 1.000000 1.000000
2572.773438 0.000000 634.595764 0.000000 0.173340 0.000000 -0.984862 1.000000 1.000000 1.000000
2616.531494 0.000000 631.624817 0.000000 0.312523 0.000000 -0.949910 1.000000 1.000000 1.000000
2627.375244 0.000000 633.573608 0.000000 0.474918 0.000000 -0.880030 1.000000 1.000000 1.000000
2678.606934 0.000000 672.694641 0.000000 0.499147 0.000000 -0.866517 1.000000 1.000000 1.000000
2629.525146 0.000000 613.388184 0.000000 0.985071 0.000000 -0.172151 1.000000 1.000000 1.000000
2617.309570 0.000000 617.664429 0.000000 0.935666 0.000000 -0.352888 1.000000 1.000000 1.000000
2670.099609 0.000000 673.264343 0.000000 0.686687 0.000000 -0.726953 1.000000 1.000000 1.000000
2621.303467 0.000000 646.692993 0.000000 0.092673 0.000000 -0.995697 1.000000 1.000000 1.000000
2680.931152 0.000000 675.418457 0.000000 0.920621 0.000000 -0.390458 1.000000 1.000000 1.000000
2676.759033 0.000000 675.649292 0.000000 0.746633 0.000000 0.665236 1.000000 1.000000 1.000000
2629.810303 0.000000 626.219360 0.000000 0.068699 0.000000 -0.997637 1.000000 1.000000 1.000000
2613.095947 0.000000 633.432251 0.000000 0.472601 0.000000 -0.881276 1.000000 1.000000 1.000000
2608.080322 0.000000 653.946533 0.000000 0.987629 0.000000 -0.156808 1.000000 1.000000 1.000000
2627.865967 0.000000 620.901184 0.000000 0.593474 0.000000 0.804853 1.000000 1.000000 1.000000
2630.168213 0.000000 678.660339 0.000000 0.997867 0.000000 -0.065274 1.000000 1.000000 1.000000
2617.914307 0.000000 633.743469 0.000000 0.080952 0.000000 0.996718 1.000000 1.000000 1.000000
2624.237793 0.000000 634.818176 0.000000 0.219809 0.000000 -0.975543 1.000000 1.000000 1.000000
2609.844482 0.000000 655.388794 0.000000 0.294588 0.000000 0.955624 1.000000 1.000000 1.000000
2622.324951 0.000000 640.790894 0.000000 0.137546 0.000000 0.990495 1.000000 1.000000 1.000000
2621.168213 0.000000 648.990845 0.000000 0.142951 0.000000 0.989730 1.000000 1.000000 1.000000
2609.624268 0.000000 653.041382 0.000000 0.101558 0.000000 -0.994830 1.000000 1.000000 1.000000
2662.999512 0.000000 612.753235 0.000000 0.995251 0.000000 -0.097344 1.000000 1.000000 1.000000
2658.866699 0.000000 613.491333 0.000000 0.997568 0.000000 -0.069701 1.000000 1.000000 1.000000
2665.626709 0.000000 611.865112 0.000000 0.255300 0.000000 -0.966862 1.000000 1.000000 1.000000
2462.446777 0.000000 690.952087 0.000000 0.751596 0.000000 -0.659623 1.000000 1.000000 1.000000
2459.390869 0.000000 701.557983 0.000000 0.337113 0.000000 0.941464 1.000000 1.000000 1.000000
2462.481445 0.000000 699.548401 0.000000 0.914704 0.000000 0.404124 1.000000 1.000000 1.000000
2467.176025 0.000000 683.190735 0.000000 0.321107 0.000000 -0.947043 1.000000 1.000000 1.000000
2462.692139 0.000000 688.049622 0.000000 0.446140 0.000000 -0.894963 1.000000 1.000000 1.000000
2460.437256 0.000000 690.809204 0.000000 0.977745 0.000000 -0.209795 1.000000 1.000000 1.000000
2461.256104 0.000000 701.529541 0.000000 0.870596 0.000000 0.491999 1.000000 1.000000 1.000000
2467.153076 0.000000 681.649902 0.000000 0.246682 0.000000 0.969096 1.000000 1.000000 1.000000
2580.920654 0.000000 732.597290 0.000000 0.955988 0.000000 0.293407 1.000000 1.000000 1.000000
2595.586426 0.000000 719.008667 0.000000 0.572958 0.000000 0.819585 1.000000 1.000000 1.000000
2590.570068 0.000000 722.348267 0.000000 0.960961 0.000000 -0.276685 1.000000 1.000000 1.000000
2601.853271 0.000000 711.624390 0.000000 0.620998 0.000000 -0.783812 1.000000 1.000000 1.000000
2593.255859 0.000000 721.831360 0.000000 0.357888 0.000000 -0.933764 1.000000 1.000000 1.000000
2574.536865 0.000000 739.404236 0.000000 0.696986 0.000000 -0.717084 1.000000 1.000000 1.000000
2572.616455 0.000000 743.695923 0.000000 0.935758 0.000000 -0.352643 1.000000 1.000000 1.000000
2573.202148 0.000000 740.457520 0.000000 0.362076 0.000000 0.932149 1.000000 1.000000 1.000000
2666.897949 0.000000 743.861694 0.000000 0.961864 0.000000 -0.273528 1.000000 1.000000 1.000000
2626.930908 0.000000 695.635193 0.000000 0.576988 0.000000 0.816752 1.000000 1.000000 1.000000
2609.264893 0.000000 738.028442 0.000000 0.612071 0.000000 0.790803 1.000000 1.000000 1.000000
2683.753418 0.000000 684.678101 0.000000 0.870505 0.000000 0.492160 1.000000 1.000000 1.000000
2650.329346 0.000000 698.186401 0.000000 0.985945 0.000000 0.167072 1.000000 1.000000 1.000000
2667.032471 0.000000 715.511841 0.000000 0.709720 0.000000 0.704484 1.000000 1.000000 1.000000
2623.020996 0.000000 717.953369 0.000000 0.711724 0.000000 -0.702459 1.000000 1.000000 1.000000
2644.543945 0.000000 717.709473 0.000000 0.284854 0.000000 0.958571 1.000000 1.000000 1.000000
2610.629395 0.000000 716.244934 0.000000 0.959726 0.000000 0.280938 1.000000 1.000000 1.000000
2646.073242 0.000000 701.785645 0.000000 0.787694 0.000000 -0.616067 1.000000 1.000000 1.000000
2613.897217 0.000000 704.462158 0.000000 0.029659 0.000000 0.999560 1.000000 1.000000 1.000000
2662.128174 0.000000 705.558716 0.000000 0.789622 0.000000 -0.613593 1.000000 1.000000 1.000000
2629.525146 0.000000 681.372559 0.000000 0.925380 0.000000 -0.379040 1.000000 1.000000 1.000000
2664.163818 0.000000 684.773193 0.000000 0.873507 0.000000 -0.486812 1.000000 1.000000 1.000000
2664.943604 0.000000 740.236633 0.000000 0.989430 0.000000 -0.145012 1.000000 1.000000 1.000000
2677.500732 0.000000 701.992737 0.000000 0.963370 0.000000 0.268175 1.000000 1.000000 1.000000
2657.971436 0.000000 741.692261 0.000000 0.935172 0.000000 0.354193 1.000000 1.000000 1.000000
2626.000977 0.000000 730.942261 0.000000 0.978040 0.000000 -0.208419 1.000000 1.000000 1.000000
2667.059570 0.000000 682.763672 0.000000 0.296907 0.000000 -0.954907 1.000000 1.000000 1.000000
2653.490967 0.000000 698.932129 0.000000 0.693863 0.000000 -0.720107 1.000000 1.000000 1.000000
2662.260010 0.000000 742.069885 0.000000 0.984196 0.000000 0.177080 1.000000 1.000000 1.000000
2613.095947 0.000000 701.416626 0.000000 0.151737 0.000000 0.988421 1.000000 1.000000 1.000000
2664.942627 0.000000 706.831299 0.000000 0.943655 0.000000 -0.330932 1.000000 1.000000 1.000000
2647.401611 0.000000 716.095520 0.000000 0.994379 0.000000 -0.105879 1.000000 1.000000 1.000000
2626.850098 0.000000 682.924927 0.000000 0.208074 0.000000 0.978113 1.000000 1.000000 1.000000
2621.858643 0.000000 690.311646 0.000000 0.947543 0.000000 0.319628 1.000000 1.000000 1.000000
2674.929688 0.000000 703.653442 0.000000 0.646368 0.000000 -0.763026 1.000000 1.000000 1.000000
2644.229248 0.000000 704.038818 0.000000 0.989693 0.000000 -0.143208 1.000000 1.000000 1.000000
2669.509277 0.000000 703.128235 0.000000 0.828310 0.000000 0.560270 1.000000 1.000000 1.000000
2611.184814 0.000000 703.869934 0.000000 0.619782 0.000000 0.784774 1.000000 1.000000 1.000000
2604.808350 0.000000 709.120178 0.000000 0.009317 0.000000 -0.999957 1.000000 1.000000 1.000000
2625.704102 0.000000 682.019470 0.000000 0.054346 0.000000 -0.998522 1.000000 1.000000 1.000000
2593.090332 0.000000 773.880310 0.000000 0.801186 0.000000 -0.598416 1.000000 1.000000 1.000000
2568.130859 0.000000 796.784485 0.000000 0.879972 0.000000 0.475026 1.000000 1.000000 1.000000
2602.068115 0.000000 756.369934 0.000000 0.505098 0.000000 0.863062 1.000000 1.000000 1.000000
2605.888916 0.000000 756.716858 0.000000 0.877044 0.000000 -0.480411 1.000000 1.000000 1.000000
2659.471924 0.000000 767.319275 0.000000 0.193597 0.000000 -0.981081 1.000000 1.000000 1.000000
2633.867432 0.000000 769.658813 0.000000 0.979273 0.000000 0.202545 1.000000 1.000000 1.000000
2657.375000 0.000000 774.810547 0.000000 0.678002 0.000000 -0.735060 1.000000 1.000000 1.000000
2605.084961 0.000000 764.553223 0.000000 0.990819 0.000000 -0.135193 1.000000 1.000000 1.000000
2661.432617 0.000000 761.476868 0.000000 0.904159 0.000000 -0.427196 1.000000 1.000000 1.000000
2637.692627 0.000000 752.701355 0.000000 0.165010 0.000000 0.986292 1.000000 1.000000 1.000000
2644.761230 0.000000 774.895752 0.000000 0.790501 0.000000 0.612461 1.000000 1.000000 1.000000
2658.092773 0.000000 758.911133 0.000000 0.968678 0.000000 0.248322 1.000000 1.000000 1.000000
2630.560059 0.000000 770.705017 0.000000 0.546463 0.000000 0.837483 1.000000 1.000000 1.000000
2636.155762 0.000000 755.296753 0.000000 0.363324 0.000000 0.931663 1.000000 1.000000 1.000000
2639.353027 0.000000 750.545105 0.000000 0.151788 0.000000 -0.988413 1.000000 1.000000 1.000000
2660.469727 0.000000 765.213745 0.000000 0.527005 0.000000 -0.849862 1.000000 1.000000 1.000000
2643.631592 0.000000 750.064636 0.000000 0.494447 0.000000 -0.869208 1.000000 1.000000 1.000000
2641.496826 0.000000 750.949524 0.000000 0.233900 0.000000 -0.972261 1.000000 1.000000 1.000000
2655.518311 0.000000 774.134705 0.000000 0.126945 0.000000 0.991910 1.000000 1.000000 1.000000
2723.556152 0.000000 530.465637 0.000000 0.535469 0.000000 0.844555 1.000000 1.000000 1.000000
2721.208252 0.000000 535.810547 0.000000 0.999997 0.000000 -0.002287 1.000000 1.000000 1.000000
2710.704102 0.000000 517.553894 0.000000 0.688604 0.000000 0.725137 1.000000 1.000000 1.000000
2728.278320 0.000000 531.556519 0.000000 0.940341 0.000000 -0.340232 1.000000 1.000000 1.000000
2719.673096 0.000000 516.641724 0.000000 0.744555 0.000000 -0.667561 1.000000 1.000000 1.000000
2704.153809 0.000000 528.436157 0.000000 0.203328 0.000000 0.979111 1.000000 1.000000 1.000000
2720.585693 0.000000 532.466919 0.000000 0.935574 0.000000 0.353131 1.000000 1.000000 1.000000
2729.981201 0.000000 517.049072 0.000000 0.599095 0.000000 -0.800678 1.000000 1.000000 1.000000
2725.087402 0.000000 519.848328 0.000000 0.332921 0.000000 0.942955 1.000000 1.000000 1.000000
2728.593018 0.000000 518.822998 0.000000 0.287501 0.000000 -0.957780 1.000000 1.000000 1.000000
2725.524170 0.000000 518.019653 0.000000 0.813355 0.000000 0.581768 1.000000 1.000000 1.000000
2723.339844 0.000000 519.505188 0.000000 0.127555 0.000000 -0.991831 1.000000 1.000000 1.000000
2726.730957 0.000000 519.122437 0.000000 0.153457 0.000000 -0.988155 1.000000 1.000000 1.000000
3183.531738 0.000000 515.055542 0.000000 0.400160 0.000000 0.916445 1.000000 1.000000 1.000000
3170.729980 0.000000 484.330902 0.000000 0.036750 0.000000 -0.999325 1.000000 1.000000 1.000000
3176.158447 0.000000 483.036407 0.000000 0.588723 0.000000 0.808335 1.000000 1.000000 1.000000
3184.361084 0.000000 517.597473 0.000000 0.974158 0.000000 0.225869 1.000000 1.000000 1.000000
3189.168213 0.000000 519.315918 0.000000 0.974240 0.000000 -0.225515 1.000000 1.000000 1.000000
3185.495361 0.000000 515.868591 0.000000 0.441221 0.000000 0.897399 1.000000 1.000000 1.000000
3174.153564 0.000000 483.363190 0.000000 0.923329 0.000000 0.384011 1.000000 1.000000 1.000000
3177.731201 0.000000 481.777435 0.000000 0.105401 0.000000 0.994430 1.000000 1.000000 1.000000
3187.635498 0.000000 516.622314 0.000000 0.590057 0.000000 -0.807361 1.000000 1.000000 1.000000
3185.103516 0.000000 514.188904 0.000000 0.008880 0.000000 -0.999961 1.000000 1.000000 1.000000
3199.249512 0.000000 490.544586 0.000000 0.873365 0.000000 -0.487067 1.000000 1.000000 1.000000
3199.416260 0.000000 540.481567 0.000000 0.069246 0.000000 -0.997600 1.000000 1.000000 1.000000
3210.464355 0.000000 507.148102 0.000000 0.197809 0.000000 -0.980241 1.000000 1.000000 1.000000
3200.963135 0.000000 536.248779 0.000000 0.073120 0.000000 0.997323 1.000000 1.000000 1.000000
3195.665771 0.000000 542.305054 0.000000 0.795115 0.000000 -0.606459 1.000000 1.000000 1.000000
3196.634521 0.000000 493.900024 0.000000 0.548837 0.000000 -0.835929 1.000000 1.000000 1.000000
3207.302490 0.000000 513.897705 0.000000 0.734089 0.000000 -0.679053 1.000000 1.000000 1.000000
3204.935303 0.000000 513.237793 0.000000 0.125414 0.000000 0.992104 1.000000 1.000000 1.000000
3197.987061 0.000000 542.553467 0.000000 0.327957 0.000000 0.944692 1.000000 1.000000 1.000000
2763.570801 0.000000 583.039917 0.000000 0.927582 0.000000 0.373620 1.000000 1.000000 1.000000
2712.726562 0.000000 578.674805 0.000000 0.348297 0.000000 -0.937384 1.000000 1.000000 1.000000
2721.849609 0.000000 560.988342 0.000000 0.526987 0.000000 0.849873 1.000000 1.000000 1.000000
2728.753418 0.000000 570.942627 0.000000 0.975814 0.000000 -0.218602 1.000000 1.000000 1.000000
2728.278320 0.000000 599.540894 0.000000 0.821539 0.000000 0.570153 1.000000 1.000000 1.000000
2737.419922 0.000000 602.630493 0.000000 0.965382 0.000000 -0.260840 1.000000 1.000000 1.000000
2723.892822 0.000000 556.596741 0.000000 0.979814 0.000000 0.199912 1.000000 1.000000 1.000000
2766.410645 0.000000 577.415527 0.000000 0.402586 0.000000 0.915382 1.000000 1.000000 1.000000
2730.462158 0.000000 561.909790 0.000000 0.619058 0.000000 -0.785345 1.000000 1.000000 1.000000
2705.176758 0.000000 585.190247 0.000000 0.260518 0.000000 0.965469 1.000000 1.000000 1.000000
2718.834229 0.000000 562.410278 0.000000 0.772402 0.000000 0.635134 1.000000 1.000000 1.000000
2720.385010 0.000000 591.820923 0.000000 0.349778 0.000000 0.936833 1.000000 1.000000 1.000000
2765.720215 0.000000 574.611450 0.000000 0.667215 0.000000 0.744865 1.000000 1.000000 1.000000
2721.892334 0.000000 558.284241 0.000000 0.905068 0.000000 -0.425266 1.000000 1.000000 1.000000
2743.450928 0.000000 610.852905 0.000000 0.075052 0.000000 0.997180 1.000000 1.000000 1.000000
2721.133789 0.000000 556.251221 0.000000 0.578044 0.000000 0.816006 1.000000 1.000000 1.000000
2729.652832 0.000000 559.897766 0.000000 0.826845 0.000000 -0.562430 1.000000 1.000000 1.000000
2719.494141 0.000000 564.358215 0.000000 0.349761 0.000000 0.936839 1.000000 1.000000 1.000000
2741.202881 0.000000 611.530945 0.000000 0.778673 0.000000 -0.627431 1.000000 1.000000 1.000000
2738.668945 0.000000 564.376953 0.000000 0.713676 0.000000 -0.700476 1.000000 1.000000 1.000000
2723.115967 0.000000 559.767944 0.000000 0.170794 0.000000 0.985307 1.000000 1.000000 1.000000
2720.467773 0.000000 558.792114 0.000000 0.620175 0.000000 0.784463 1.000000 1.000000 1.000000
2737.867432 0.000000 561.463745 0.000000 0.720568 0.000000 -0.693384 1.000000 1.000000 1.000000
2687.872070 0.000000 572.087097 0.000000 0.128632 0.000000 -0.991692 1.000000 1.000000 1.000000
2689.749512 0.000000 570.185059 0.000000 0.794218 0.000000 0.607633 1.000000 1.000000 1.000000
2721.502686 0.000000 559.670959 0.000000 0.791537 0.000000 0.611121 1.000000 1.000000 1.000000
2740.337646 0.000000 610.491821 0.000000 0.832203 0.000000 -0.554472 1.000000 1.000000 1.000000
2717.859619 0.000000 633.690063 0.000000 0.671375 0.000000 -0.741118 1.000000 1.000000 1.000000
2695.463135 0.000000 676.450317 0.000000 0.248098 0.000000 -0.968735 1.000000 1.000000 1.000000
2721.849609 0.000000 628.972717 0.000000 0.821752 0.000000 0.569845 1.000000 1.000000 1.000000
2706.350098 0.000000 661.853394 0.000000 0.813969 0.000000 0.580908 1.000000 1.000000 1.000000
2756.003174 0.000000 636.456848 0.000000 0.387945 0.000000 -0.921682 1.000000 1.000000 1.000000
2721.854980 0.000000 633.049133 0.000000 0.613450 0.000000 0.789733 1.000000 1.000000 1.000000
2731.330322 0.000000 626.611023 0.000000 0.890127 0.000000 0.455712 1.000000 1.000000 1.000000
2741.026367 0.000000 616.582397 0.000000 0.911193 0.000000 -0.411981 1.000000 1.000000 1.000000
2724.827148 0.000000 628.008240 0.000000 0.831411 0.000000 0.555658 1.000000 1.000000 1.000000
2703.460449 0.000000 655.672424 0.000000 0.772481 0.000000 0.635037 1.000000 1.000000 1.000000
2698.725830 0.000000 660.958374 0.000000 0.550248 0.000000 -0.835001 1.000000 1.000000 1.000000
2743.062500 0.000000 612.180176 0.000000 0.190666 0.000000 0.981655 1.000000 1.000000 1.000000
2756.598633 0.000000 659.713135 0.000000 0.956849 0.000000 0.290584 1.000000 1.000000 1.000000
2700.795166 0.000000 656.463928 0.000000 0.356477 0.000000 -0.934304 1.000000 1.000000 1.000000
2760.264404 0.000000 662.534241 0.000000 0.994859 0.000000 0.101266 1.000000 1.000000 1.000000
2729.981201 0.000000 653.017822 0.000000 0.699402 0.000000 -0.714729 1.000000 1.000000 1.000000
2717.818359 0.000000 636.085449 0.000000 0.481158 0.000000 -0.876634 1.000000 1.000000 1.000000
2736.659912 0.000000 640.721924 0.000000 0.918776 0.000000 -0.394778 1.000000 1.000000 1.000000
2762.362305 0.000000 663.291138 0.000000 0.809986 0.000000 -0.586450 1.000000 1.000000 1.000000
2763.531982 0.000000 664.527649 0.000000 0.405064 0.000000 0.914288 1.000000 1.000000 1.000000
2763.897461 0.000000 663.041138 0.000000 0.420293 0.000000 -0.907388 1.000000 1.000000 1.000000
2755.066895 0.000000 637.281128 0.000000 0.003481 0.000000 0.999994 1.000000 1.000000 1.000000
2695.415527 0.000000 680.848816 0.000000 0.477321 0.000000 -0.878729 1.000000 1.000000 1.000000
2694.042725 0.000000 683.328857 0.000000 0.783430 0.000000 0.621480 1.000000 1.000000 1.000000
2785.443115 0.000000 740.950134 0.000000 0.429354 0.000000 0.903136 1.000000 1.000000 1.000000
2788.616211 0.000000 745.063477 0.000000 0.527958 0.000000 -0.849270 1.000000 1.000000 1.000000
2780.577637 0.000000 731.879211 0.000000 0.758889 0.000000 0.651220 1.000000 1.000000 1.000000
2789.848633 0.000000 742.395264 0.000000 0.732682 0.000000 -0.680571 1.000000 1.000000 1.000000
2787.194092 0.000000 698.597473 0.000000 0.246488 0.000000 0.969146 1.000000 1.000000 1.000000
2790.472412 0.000000 746.359558 0.000000 0.887985 0.000000 -0.459872 1.000000 1.000000 1.000000
2791.793945 0.000000 742.720947 0.000000 0.102800 0.000000 0.994702 1.000000 1.000000 1.000000
2739.695068 0.000000 791.999512 0.000000 0.603687 0.000000 -0.797222 1.000000 1.000000 1.000000
2752.536133 0.000000 789.971191 0.000000 0.607766 0.000000 -0.794116 1.000000 1.000000 1.000000
2767.745605 0.000000 752.662476 0.000000 0.990271 0.000000 -0.139153 1.000000 1.000000 1.000000
2762.946533 0.000000 762.928040 0.000000 0.837975 0.000000 -0.545709 1.000000 1.000000 1.000000
2762.617920 0.000000 754.146851 0.000000 0.452916 0.000000 -0.891553 1.000000 1.000000 1.000000
2756.003174 0.000000 772.425598 0.000000 0.468255 0.000000 -0.883594 1.000000 1.000000 1.000000
2768.216064 0.000000 771.822327 0.000000 0.790763 0.000000 0.612122 1.000000 1.000000 1.000000
2750.197266 0.000000 794.049011 0.000000 0.314027 0.000000 0.949414 1.000000 1.000000 1.000000
2763.943604 0.000000 758.337708 0.000000 0.518317 0.000000 -0.855188 1.000000 1.000000 1.000000
2727.347656 0.000000 792.637817 0.000000 0.747681 0.000000 -0.664059 1.000000 1.000000 1.000000
2747.227051 0.000000 784.754700 0.000000 0.546162 0.000000 0.837679 1.000000 1.000000 1.000000
2734.975586 0.000000 792.998230 0.000000 0.691777 0.000000 -0.722112 1.000000 1.000000 1.000000
2759.791992 0.000000 777.579346 0.000000 0.965020 0.000000 0.262176 1.000000 1.000000 1.000000
2743.489990 0.000000 791.484009 0.000000 0.503029 0.000000 0.864269 1.000000 1.000000 1.000000
2754.598145 0.000000 782.436096 0.000000 0.773394 0.000000 0.633925 1.000000 1.000000 1.000000
2758.447998 0.000000 781.542358 0.000000 0.145071 0.000000 -0.989421 1.000000 1.000000 1.000000
2745.855469 0.000000 798.668457 0.000000 0.496588 0.000000 0.867986 1.000000 1.000000 1.000000
2748.414307 0.000000 780.843933 0.000000 0.133225 0.000000 0.991086 1.000000 1.000000 1.000000
2748.883301 0.000000 797.193359 0.000000 0.607119 0.000000 0.794611 1.000000 1.000000 1.000000
2738.970459 0.000000 795.274170 0.000000 0.999546 0.000000 -0.030118 1.000000 1.000000 1.000000
2739.320557 0.000000 788.676514 0.000000 0.793205 0.000000 0.608954 1.000000 1.000000 1.000000
2736.556152 0.000000 803.746033 0.000000 0.883839 0.000000 -0.467791 1.000000 1.000000 1.000000
2740.153076 0.000000 772.420532 0.000000 0.794974 0.000000 0.606644 1.000000 1.000000 1.000000
2737.197998 0.000000 791.172058 0.000000 0.999352 0.000000 0.035998 1.000000 1.000000 1.000000
2749.925293 0.000000 790.092041 0.000000 0.932523 0.000000 -0.361110 1.000000 1.000000 1.000000
2742.872070 0.000000 782.755798 0.000000 0.639590 0.000000 -0.768716 1.000000 1.000000 1.000000
2758.274658 0.000000 779.262939 0.000000 0.575451 0.000000 0.817836 1.000000 1.000000 1.000000
2758.830566 0.000000 774.087769 0.000000 0.771117 0.000000 0.636694 1.000000 1.000000 1.000000
2746.849609 0.000000 782.561157 0.000000 0.388935 0.000000 0.921265 1.000000 1.000000 1.000000
2761.409668 0.000000 776.065918 0.000000 0.305569 0.000000 -0.952170 1.000000 1.000000 1.000000
2756.364502 0.000000 780.837463 0.000000 0.220829 0.000000 0.975313 1.000000 1.000000 1.000000
2755.609375 0.000000 786.407410 0.000000 0.947538 0.000000 0.319644 1.000000 1.000000 1.000000
2756.750977 0.000000 782.988098 0.000000 0.914577 0.000000 -0.404411 1.000000 1.000000 1.000000
2748.961426 0.000000 783.078674 0.000000 0.003494 0.000000 0.999994 1.000000 1.000000 1.000000
2755.166748 0.000000 784.357544 0.000000 0.520863 0.000000 -0.853640 1.000000 1.000000 1.000000
2753.778564 0.000000 788.367065 0.000000 0.082211 0.000000 -0.996615 1.000000 1.000000 1.000000
2742.260986 0.000000 785.792297 0.000000 0.967999 0.000000 0.250954 1.000000 1.000000 1.000000
2748.864502 0.000000 792.932739 0.000000 0.274618 0.000000 -0.961553 1.000000 1.000000 1.000000
2738.830078 0.000000 790.419861 0.000000 0.162129 0.000000 0.986770 1.000000 1.000000 1.000000
2751.619385 0.000000 778.484131 0.000000 0.028385 0.000000 0.999597 1.000000 1.000000 1.000000
2749.187500 0.000000 795.507996 0.000000 0.328912 0.000000 -0.944361 1.000000 1.000000 1.000000
2737.373535 0.000000 795.590759 0.000000 0.898614 0.000000 0.438740 1.000000 1.000000 1.000000
2751.712891 0.000000 794.886230 0.000000 0.499304 0.000000 0.866427 1.000000 1.000000 1.000000
2740.978760 0.000000 788.970154 0.000000 0.992351 0.000000 0.123452 1.000000 1.000000 1.000000
2736.434570 0.000000 792.451477 0.000000 0.817607 0.000000 -0.575776 1.000000 1.000000 1.000000
2738.292725 0.000000 792.183228 0.000000 0.891384 0.000000 0.453249 1.000000 1.000000 1.000000
2738.967529 0.000000 793.863953 0.000000 0.997369 0.000000 -0.072499 1.000000 1.000000 1.000000
2748.036377 0.000000 796.176758 0.000000 0.893224 0.000000 0.449613 1.000000 1.000000 1.000000
2726.917236 0.000000 793.890320 0.000000 0.995920 0.000000 0.090243 1.000000 1.000000 1.000000
2750.920410 0.000000 780.434753 0.000000 0.780858 0.000000 -0.624709 1.000000 1.000000 1.000000
2738.214111 0.000000 788.760803 0.000000 0.946222 0.000000 -0.323518 1.000000 1.000000 1.000000
2776.903076 0.000000 753.492798 0.000000 0.714722 0.000000 0.699409 1.000000 1.000000 1.000000
2772.013672 0.000000 760.551819 0.000000 0.360280 0.000000 0.932844 1.000000 1.000000 1.000000
2775.715332 0.000000 761.377380 0.000000 0.558475 0.000000 -0.829521 1.000000 1.000000 1.000000
2771.767578 0.000000 767.255249 0.000000 0.741555 0.000000 -0.670892 1.000000 1.000000 1.000000
3178.400146 0.000000 563.625427 0.000000 0.999993 0.000000 -0.003798 1.000000 1.000000 1.000000
3170.729980 0.000000 552.315247 0.000000 0.478635 0.000000 0.878014 1.000000 1.000000 1.000000
3179.400391 0.000000 554.542542 0.000000 0.997874 0.000000 -0.065180 1.000000 1.000000 1.000000
3154.282471 0.000000 562.217651 0.000000 0.126039 0.000000 -0.992025 1.000000 1.000000 1.000000
3125.553711 0.000000 550.710083 0.000000 0.980452 0.000000 0.196760 1.000000 1.000000 1.000000
3146.333496 0.000000 551.845276 0.000000 0.602896 0.000000 0.797820 1.000000 1.000000 1.000000
3191.279053 0.000000 544.050476 0.000000 0.870513 0.000000 -0.492145 1.000000 1.000000 1.000000
3131.328369 0.000000 565.589233 0.000000 0.395756 0.000000 -0.918356 1.000000 1.000000 1.000000
3176.158447 0.000000 551.020752 0.000000 0.999771 0.000000 0.021394 1.000000 1.000000 1.000000
3137.128662 0.000000 550.505371 0.000000 0.995272 0.000000 -0.097130 1.000000 1.000000 1.000000
3178.305908 0.000000 559.081604 0.000000 0.488957 0.000000 -0.872308 1.000000 1.000000 1.000000
3155.314941 0.000000 558.333862 0.000000 0.901195 0.000000 -0.433413 1.000000 1.000000 1.000000
3167.062012 0.000000 553.962402 0.000000 0.988553 0.000000 -0.150872 1.000000 1.000000 1.000000
3147.413086 0.000000 548.291382 0.000000 0.927069 0.000000 -0.374890 1.000000 1.000000 1.000000
3134.418945 0.000000 563.579651 0.000000 0.614306 0.000000 0.789068 1.000000 1.000000 1.000000
3160.075439 0.000000 552.204041 0.000000 0.367228 0.000000 0.930131 1.000000 1.000000 1.000000
3157.444092 0.000000 562.963379 0.000000 0.999943 0.000000 -0.010678 1.000000 1.000000 1.000000
3173.638916 0.000000 553.340332 0.000000 0.432864 0.000000 0.901459 1.000000 1.000000 1.000000
3134.629639 0.000000 552.080872 0.000000 0.148901 0.000000 0.988852 1.000000 1.000000 1.000000
3130.661133 0.000000 562.606995 0.000000 0.955568 0.000000 0.294770 1.000000 1.000000 1.000000
3180.457275 0.000000 557.174561 0.000000 0.865039 0.000000 -0.501704 1.000000 1.000000 1.000000
3137.281494 0.000000 555.124268 0.000000 0.091199 0.000000 -0.995833 1.000000 1.000000 1.000000
3181.544434 0.000000 552.722412 0.000000 0.025321 0.000000 0.999679 1.000000 1.000000 1.000000
3128.122070 0.000000 551.878296 0.000000 0.925042 0.000000 -0.379864 1.000000 1.000000 1.000000
3169.339600 0.000000 554.095276 0.000000 0.200678 0.000000 -0.979657 1.000000 1.000000 1.000000
3136.000000 0.000000 553.631226 0.000000 0.319254 0.000000 0.947669 1.000000 1.000000 1.000000
3133.467529 0.000000 553.517822 0.000000 0.323698 0.000000 0.946160 1.000000 1.000000 1.000000
3136.571289 0.000000 552.083130 0.000000 0.556317 0.000000 -0.830970 1.000000 1.000000 1.000000
3135.816650 0.000000 555.450562 0.000000 0.907529 0.000000 -0.419990 1.000000 1.000000 1.000000
3196.708252 0.000000 545.210205 0.000000 0.366531 0.000000 -0.930406 1.000000 1.000000 1.000000
3191.799805 0.000000 547.749634 0.000000 0.029413 0.000000 -0.999567 1.000000 1.000000 1.000000
3194.583740 0.000000 545.307983 0.000000 0.472177 0.000000 0.881504 1.000000 1.000000 1.000000
3192.595215 0.000000 545.907043 0.000000 0.999743 0.000000 -0.022679 1.000000 1.000000 1.000000
2750.741211 0.000000 834.947693 0.000000 0.838807 0.000000 0.544429 1.000000 1.000000 1.000000
4710.434082 0.000000 1668.026245 0.000000 0.964889 0.000000 -0.262656 1.000000 1.000000 1.000000
4736.977051 0.000000 1664.371582 0.000000 0.454358 0.000000 -0.890819 1.000000 1.000000 1.000000
4726.735352 0.000000 1715.400879 0.000000 0.654052 0.000000 -0.756450 1.000000 1.000000 1.000000
4745.877930 0.000000 1721.551270 0.000000 0.899845 0.000000 -0.436209 1.000000 1.000000 1.000000
4737.497559 0.000000 1704.482666 0.000000 0.632435 0.000000 0.774613 1.000000 1.000000 1.000000
4746.274414 0.000000 1717.644165 0.000000 0.039539 0.000000 -0.999218 1.000000 1.000000 1.000000
4728.539062 0.000000 1802.393555 0.000000 0.340468 0.000000 -0.940256 1.000000 1.000000 1.000000
4731.500488 0.000000 1809.639160 0.000000 0.920446 0.000000 0.390871 1.000000 1.000000 1.000000
4724.687012 0.000000 1828.766968 0.000000 0.965415 0.000000 0.260720 1.000000 1.000000 1.000000
4722.825684 0.000000 1805.703369 0.000000 0.830612 0.000000 -0.556852 1.000000 1.000000 1.000000
"}
object={
	name="tree_cypress_01_generator_1_1"
	clamp_to_water_level=no
	render_under_water=no
	generated_content=yes
	layer="tree_high_layer"
	pdxmesh="tree_cypress_01_b_mesh"
	count=208
	transform="2648.719482 0.000000 533.535889 0.000000 0.254380 0.000000 -0.967104 1.000000 1.000000 1.000000
2647.841309 0.000000 538.596313 0.000000 0.248629 0.000000 0.968599 1.000000 1.000000 1.000000
2660.143066 0.000000 530.193420 0.000000 0.181655 0.000000 -0.983362 1.000000 1.000000 1.000000
2657.675781 0.000000 528.658142 0.000000 0.138108 0.000000 0.990417 1.000000 1.000000 1.000000
2666.110107 0.000000 531.635498 0.000000 0.712043 0.000000 0.702136 1.000000 1.000000 1.000000
2659.674805 0.000000 524.929016 0.000000 0.016877 0.000000 0.999858 1.000000 1.000000 1.000000
2669.704590 0.000000 535.201965 0.000000 0.986903 0.000000 -0.161312 1.000000 1.000000 1.000000
2661.724121 0.000000 531.520874 0.000000 0.559147 0.000000 0.829068 1.000000 1.000000 1.000000
2651.885986 0.000000 535.507202 0.000000 0.667656 0.000000 0.744470 1.000000 1.000000 1.000000
2646.634277 0.000000 540.030579 0.000000 0.745266 0.000000 -0.666767 1.000000 1.000000 1.000000
2651.612549 0.000000 530.562561 0.000000 0.919741 0.000000 -0.392526 1.000000 1.000000 1.000000
2653.105225 0.000000 535.853638 0.000000 0.344878 0.000000 0.938648 1.000000 1.000000 1.000000
2652.389648 0.000000 533.928162 0.000000 0.957862 0.000000 0.287228 1.000000 1.000000 1.000000
2452.647461 0.000000 677.079102 0.000000 0.998200 0.000000 0.059978 1.000000 1.000000 1.000000
2585.960938 0.000000 592.966064 0.000000 0.578468 0.000000 0.815705 1.000000 1.000000 1.000000
2589.812256 0.000000 589.570496 0.000000 0.006645 0.000000 0.999978 1.000000 1.000000 1.000000
2650.566895 0.000000 579.930420 0.000000 0.148178 0.000000 0.988961 1.000000 1.000000 1.000000
2661.801025 0.000000 584.601562 0.000000 0.048063 0.000000 -0.998844 1.000000 1.000000 1.000000
2645.973877 0.000000 545.251709 0.000000 0.570160 0.000000 0.821534 1.000000 1.000000 1.000000
2680.833984 0.000000 569.553223 0.000000 0.376029 0.000000 0.926608 1.000000 1.000000 1.000000
2643.459961 0.000000 548.291382 0.000000 0.458400 0.000000 0.888746 1.000000 1.000000 1.000000
2685.766113 0.000000 589.671143 0.000000 0.306476 0.000000 -0.951878 1.000000 1.000000 1.000000
2647.095459 0.000000 568.803345 0.000000 0.487955 0.000000 0.872869 1.000000 1.000000 1.000000
2628.075195 0.000000 605.015259 0.000000 0.970949 0.000000 0.239285 1.000000 1.000000 1.000000
2667.638672 0.000000 594.981934 0.000000 0.916797 0.000000 -0.399354 1.000000 1.000000 1.000000
2644.229248 0.000000 568.070068 0.000000 0.303482 0.000000 -0.952837 1.000000 1.000000 1.000000
2681.616455 0.000000 566.873413 0.000000 0.526059 0.000000 0.850448 1.000000 1.000000 1.000000
2634.326904 0.000000 570.878845 0.000000 0.008254 0.000000 0.999966 1.000000 1.000000 1.000000
2621.708496 0.000000 601.385254 0.000000 0.976240 0.000000 0.216691 1.000000 1.000000 1.000000
2623.155029 0.000000 603.794800 0.000000 0.721001 0.000000 0.692934 1.000000 1.000000 1.000000
2651.674561 0.000000 578.498047 0.000000 0.997117 0.000000 -0.075873 1.000000 1.000000 1.000000
2648.513184 0.000000 569.882629 0.000000 0.265444 0.000000 0.964126 1.000000 1.000000 1.000000
2629.977783 0.000000 605.510742 0.000000 0.583682 0.000000 -0.811982 1.000000 1.000000 1.000000
2621.569824 0.000000 599.763672 0.000000 0.987255 0.000000 0.159145 1.000000 1.000000 1.000000
2646.048584 0.000000 586.642456 0.000000 0.983013 0.000000 0.183533 1.000000 1.000000 1.000000
2657.239990 0.000000 553.743225 0.000000 0.598834 0.000000 -0.800873 1.000000 1.000000 1.000000
2553.870605 0.000000 633.049133 0.000000 0.115006 0.000000 -0.993365 1.000000 1.000000 1.000000
2555.515625 0.000000 630.968201 0.000000 0.358676 0.000000 0.933462 1.000000 1.000000 1.000000
2561.668457 0.000000 627.882141 0.000000 0.926780 0.000000 0.375605 1.000000 1.000000 1.000000
2551.509766 0.000000 632.342590 0.000000 0.624315 0.000000 -0.781172 1.000000 1.000000 1.000000
2577.599854 0.000000 630.100830 0.000000 0.861328 0.000000 0.508049 1.000000 1.000000 1.000000
2628.433594 0.000000 617.680908 0.000000 0.629709 0.000000 0.776831 1.000000 1.000000 1.000000
2622.519043 0.000000 643.116821 0.000000 0.694203 0.000000 0.719780 1.000000 1.000000 1.000000
2673.306396 0.000000 675.796021 0.000000 0.999964 0.000000 -0.008444 1.000000 1.000000 1.000000
2609.666504 0.000000 657.634399 0.000000 0.613885 0.000000 -0.789395 1.000000 1.000000 1.000000
2633.324219 0.000000 678.215820 0.000000 0.689912 0.000000 0.723893 1.000000 1.000000 1.000000
2609.218018 0.000000 645.021912 0.000000 0.999982 0.000000 0.005980 1.000000 1.000000 1.000000
2674.819580 0.000000 672.840637 0.000000 0.971083 0.000000 -0.238741 1.000000 1.000000 1.000000
2609.631836 0.000000 651.172729 0.000000 0.301652 0.000000 0.953418 1.000000 1.000000 1.000000
2626.708008 0.000000 630.591370 0.000000 0.454734 0.000000 0.890627 1.000000 1.000000 1.000000
2659.070312 0.000000 612.180176 0.000000 0.961558 0.000000 0.274601 1.000000 1.000000 1.000000
2615.713379 0.000000 634.289001 0.000000 0.804170 0.000000 0.594400 1.000000 1.000000 1.000000
2611.214844 0.000000 643.756409 0.000000 0.627722 0.000000 -0.778437 1.000000 1.000000 1.000000
2622.392822 0.000000 638.614563 0.000000 0.281181 0.000000 -0.959655 1.000000 1.000000 1.000000
2628.421631 0.000000 622.824829 0.000000 0.722583 0.000000 -0.691285 1.000000 1.000000 1.000000
2631.902588 0.000000 678.957703 0.000000 0.311510 0.000000 0.950243 1.000000 1.000000 1.000000
2608.471680 0.000000 655.271851 0.000000 0.999797 0.000000 -0.020168 1.000000 1.000000 1.000000
2448.710938 0.000000 680.820068 0.000000 0.973433 0.000000 -0.228972 1.000000 1.000000 1.000000
2466.076416 0.000000 680.382446 0.000000 0.123439 0.000000 0.992352 1.000000 1.000000 1.000000
2451.973877 0.000000 682.851379 0.000000 0.457280 0.000000 0.889323 1.000000 1.000000 1.000000
2453.291260 0.000000 679.886780 0.000000 0.648629 0.000000 0.761105 1.000000 1.000000 1.000000
2451.024658 0.000000 680.710754 0.000000 0.452160 0.000000 0.891937 1.000000 1.000000 1.000000
2460.464600 0.000000 699.848816 0.000000 0.995059 0.000000 0.099288 1.000000 1.000000 1.000000
2463.879150 0.000000 691.419312 0.000000 0.712314 0.000000 -0.701861 1.000000 1.000000 1.000000
2573.979248 0.000000 741.692261 0.000000 0.073848 0.000000 0.997270 1.000000 1.000000 1.000000
2672.003174 0.000000 710.639160 0.000000 0.599615 0.000000 0.800289 1.000000 1.000000 1.000000
2664.471191 0.000000 680.381470 0.000000 0.995042 0.000000 0.099460 1.000000 1.000000 1.000000
2616.531494 0.000000 699.609192 0.000000 0.805274 0.000000 -0.592903 1.000000 1.000000 1.000000
2628.058838 0.000000 727.593445 0.000000 0.547154 0.000000 0.837032 1.000000 1.000000 1.000000
2605.649414 0.000000 724.031921 0.000000 0.810316 0.000000 -0.585993 1.000000 1.000000 1.000000
2617.242920 0.000000 708.243530 0.000000 0.550746 0.000000 0.834673 1.000000 1.000000 1.000000
2687.325928 0.000000 680.019226 0.000000 0.088423 0.000000 0.996083 1.000000 1.000000 1.000000
2614.398438 0.000000 726.034607 0.000000 0.989507 0.000000 0.144484 1.000000 1.000000 1.000000
2606.946533 0.000000 710.266846 0.000000 0.282874 0.000000 -0.959157 1.000000 1.000000 1.000000
2615.352295 0.000000 695.377747 0.000000 0.097675 0.000000 -0.995218 1.000000 1.000000 1.000000
2661.214844 0.000000 709.366211 0.000000 0.530943 0.000000 0.847408 1.000000 1.000000 1.000000
2675.799805 0.000000 709.594971 0.000000 0.982811 0.000000 -0.184616 1.000000 1.000000 1.000000
2618.853271 0.000000 688.957031 0.000000 0.983797 0.000000 0.179287 1.000000 1.000000 1.000000
2624.675293 0.000000 685.162720 0.000000 0.997635 0.000000 0.068738 1.000000 1.000000 1.000000
2604.181885 0.000000 711.361694 0.000000 0.524947 0.000000 -0.851135 1.000000 1.000000 1.000000
2686.645020 0.000000 684.301147 0.000000 0.993517 0.000000 -0.113680 1.000000 1.000000 1.000000
2631.559326 0.000000 679.852783 0.000000 0.279508 0.000000 0.960143 1.000000 1.000000 1.000000
2662.863770 0.000000 682.441528 0.000000 0.654466 0.000000 -0.756091 1.000000 1.000000 1.000000
2625.022949 0.000000 683.320618 0.000000 0.142525 0.000000 -0.989791 1.000000 1.000000 1.000000
2590.454834 0.000000 767.578552 0.000000 0.704069 0.000000 -0.710132 1.000000 1.000000 1.000000
2600.064697 0.000000 760.263306 0.000000 0.913206 0.000000 -0.407499 1.000000 1.000000 1.000000
2588.010986 0.000000 778.623535 0.000000 0.812085 0.000000 -0.583539 1.000000 1.000000 1.000000
2577.808838 0.000000 788.554688 0.000000 0.018610 0.000000 -0.999827 1.000000 1.000000 1.000000
2641.489990 0.000000 748.770264 0.000000 0.823853 0.000000 -0.566804 1.000000 1.000000 1.000000
2661.162842 0.000000 763.388733 0.000000 0.636685 0.000000 0.771124 1.000000 1.000000 1.000000
2731.355957 0.000000 519.308105 0.000000 0.448248 0.000000 0.893909 1.000000 1.000000 1.000000
2717.099609 0.000000 532.187500 0.000000 0.068255 0.000000 0.997668 1.000000 1.000000 1.000000
2713.772949 0.000000 528.214172 0.000000 0.656774 0.000000 -0.754088 1.000000 1.000000 1.000000
2702.745361 0.000000 522.569946 0.000000 0.829517 0.000000 0.558481 1.000000 1.000000 1.000000
2727.213867 0.000000 517.048584 0.000000 0.719181 0.000000 0.694822 1.000000 1.000000 1.000000
2703.687256 0.000000 525.262756 0.000000 0.444097 0.000000 0.895979 1.000000 1.000000 1.000000
2721.341309 0.000000 519.053528 0.000000 0.484380 0.000000 0.874858 1.000000 1.000000 1.000000
2707.681885 0.000000 528.092834 0.000000 0.522252 0.000000 0.852791 1.000000 1.000000 1.000000
2701.136719 0.000000 524.456055 0.000000 0.993519 0.000000 -0.113662 1.000000 1.000000 1.000000
2722.332275 0.000000 518.030457 0.000000 0.999171 0.000000 -0.040714 1.000000 1.000000 1.000000
3172.894287 0.000000 481.702271 0.000000 0.999656 0.000000 -0.026234 1.000000 1.000000 1.000000
3187.469482 0.000000 514.917542 0.000000 0.857100 0.000000 -0.515150 1.000000 1.000000 1.000000
3189.444580 0.000000 516.923340 0.000000 0.732304 0.000000 0.680978 1.000000 1.000000 1.000000
3175.526123 0.000000 480.699615 0.000000 0.707987 0.000000 0.706225 1.000000 1.000000 1.000000
3192.077637 0.000000 540.515442 0.000000 0.745132 0.000000 -0.666916 1.000000 1.000000 1.000000
3205.220459 0.000000 510.758209 0.000000 0.796510 0.000000 -0.604626 1.000000 1.000000 1.000000
3220.578125 0.000000 509.201141 0.000000 0.816374 0.000000 -0.577524 1.000000 1.000000 1.000000
3214.422852 0.000000 507.313019 0.000000 0.995724 0.000000 0.092377 1.000000 1.000000 1.000000
3212.437012 0.000000 508.516418 0.000000 0.841678 0.000000 -0.539979 1.000000 1.000000 1.000000
2717.929688 0.000000 593.742493 0.000000 0.991345 0.000000 0.131280 1.000000 1.000000 1.000000
2688.513672 0.000000 570.845520 0.000000 0.931185 0.000000 0.364548 1.000000 1.000000 1.000000
2707.013184 0.000000 581.984619 0.000000 0.253219 0.000000 -0.967409 1.000000 1.000000 1.000000
2762.345459 0.000000 576.674805 0.000000 0.752746 0.000000 0.658311 1.000000 1.000000 1.000000
2724.763428 0.000000 592.059326 0.000000 0.372049 0.000000 0.928213 1.000000 1.000000 1.000000
2726.570068 0.000000 596.143738 0.000000 0.575087 0.000000 -0.818093 1.000000 1.000000 1.000000
2719.015869 0.000000 557.953003 0.000000 0.269844 0.000000 -0.962904 1.000000 1.000000 1.000000
2709.124756 0.000000 578.982666 0.000000 0.804140 0.000000 0.594440 1.000000 1.000000 1.000000
2727.932617 0.000000 554.957764 0.000000 0.224775 0.000000 -0.974411 1.000000 1.000000 1.000000
2741.421387 0.000000 609.743713 0.000000 0.536400 0.000000 -0.843964 1.000000 1.000000 1.000000
2737.483154 0.000000 562.963379 0.000000 0.907025 0.000000 0.421076 1.000000 1.000000 1.000000
2770.023682 0.000000 570.715271 0.000000 0.892316 0.000000 0.451411 1.000000 1.000000 1.000000
2716.714111 0.000000 596.681641 0.000000 0.999170 0.000000 -0.040726 1.000000 1.000000 1.000000
2771.385254 0.000000 568.147278 0.000000 0.799745 0.000000 0.600340 1.000000 1.000000 1.000000
2733.377197 0.000000 559.961670 0.000000 0.816993 0.000000 0.576647 1.000000 1.000000 1.000000
2716.447510 0.000000 566.974060 0.000000 0.529016 0.000000 -0.848612 1.000000 1.000000 1.000000
2734.559082 0.000000 647.914795 0.000000 0.206142 0.000000 -0.978522 1.000000 1.000000 1.000000
2701.665771 0.000000 653.076965 0.000000 0.993858 0.000000 -0.110662 1.000000 1.000000 1.000000
2715.963379 0.000000 637.615723 0.000000 0.984832 0.000000 0.173512 1.000000 1.000000 1.000000
2730.462158 0.000000 629.894165 0.000000 0.878802 0.000000 0.477187 1.000000 1.000000 1.000000
2727.213867 0.000000 653.017334 0.000000 0.761438 0.000000 0.648238 1.000000 1.000000 1.000000
2695.953369 0.000000 679.835022 0.000000 0.952745 0.000000 -0.303772 1.000000 1.000000 1.000000
2723.500000 0.000000 630.968201 0.000000 0.370879 0.000000 -0.928681 1.000000 1.000000 1.000000
2694.033936 0.000000 678.522217 0.000000 0.226958 0.000000 0.973905 1.000000 1.000000 1.000000
2741.919678 0.000000 614.380310 0.000000 0.920178 0.000000 0.391499 1.000000 1.000000 1.000000
2729.652832 0.000000 627.882141 0.000000 0.989960 0.000000 -0.141347 1.000000 1.000000 1.000000
2730.291504 0.000000 650.786926 0.000000 0.121995 0.000000 0.992531 1.000000 1.000000 1.000000
2731.303955 0.000000 628.377075 0.000000 0.904076 0.000000 -0.427371 1.000000 1.000000 1.000000
2754.609863 0.000000 636.153320 0.000000 0.945775 0.000000 0.324823 1.000000 1.000000 1.000000
2692.755127 0.000000 681.178955 0.000000 0.132495 0.000000 -0.991184 1.000000 1.000000 1.000000
2690.844727 0.000000 683.397339 0.000000 0.255332 0.000000 0.966853 1.000000 1.000000 1.000000
2784.515869 0.000000 699.609192 0.000000 0.931743 0.000000 0.363118 1.000000 1.000000 1.000000
2782.382812 0.000000 726.034607 0.000000 0.992684 0.000000 -0.120744 1.000000 1.000000 1.000000
2780.206787 0.000000 724.289307 0.000000 0.728437 0.000000 -0.685113 1.000000 1.000000 1.000000
2791.895508 0.000000 720.612915 0.000000 0.969955 0.000000 0.243285 1.000000 1.000000 1.000000
2782.093994 0.000000 724.221863 0.000000 0.475797 0.000000 -0.879555 1.000000 1.000000 1.000000
2744.810059 0.000000 781.254761 0.000000 0.941622 0.000000 -0.336673 1.000000 1.000000 1.000000
2739.063232 0.000000 802.118286 0.000000 0.530973 0.000000 0.847389 1.000000 1.000000 1.000000
2761.074707 0.000000 773.880310 0.000000 0.924247 0.000000 -0.381795 1.000000 1.000000 1.000000
2771.318115 0.000000 748.003601 0.000000 0.130582 0.000000 0.991438 1.000000 1.000000 1.000000
2737.419922 0.000000 806.583618 0.000000 0.799746 0.000000 0.600339 1.000000 1.000000 1.000000
2741.453613 0.000000 805.223755 0.000000 0.932906 0.000000 -0.360120 1.000000 1.000000 1.000000
2753.453613 0.000000 786.397522 0.000000 0.534574 0.000000 0.845122 1.000000 1.000000 1.000000
2727.213867 0.000000 788.986084 0.000000 0.959953 0.000000 0.280161 1.000000 1.000000 1.000000
2742.495361 0.000000 788.327332 0.000000 0.519677 0.000000 0.854363 1.000000 1.000000 1.000000
2752.062988 0.000000 780.261108 0.000000 0.854756 0.000000 -0.519031 1.000000 1.000000 1.000000
2757.066895 0.000000 775.586975 0.000000 0.024185 0.000000 0.999708 1.000000 1.000000 1.000000
2768.195068 0.000000 768.578979 0.000000 0.282736 0.000000 -0.959198 1.000000 1.000000 1.000000
2753.191895 0.000000 777.734375 0.000000 0.517548 0.000000 -0.855654 1.000000 1.000000 1.000000
2738.870605 0.000000 804.639832 0.000000 0.881648 0.000000 -0.471907 1.000000 1.000000 1.000000
2741.405029 0.000000 790.405884 0.000000 0.995637 0.000000 -0.093312 1.000000 1.000000 1.000000
2737.628174 0.000000 793.419250 0.000000 0.983621 0.000000 -0.180251 1.000000 1.000000 1.000000
2746.861816 0.000000 796.926697 0.000000 0.979371 0.000000 0.202071 1.000000 1.000000 1.000000
2750.431885 0.000000 781.514160 0.000000 0.588207 0.000000 -0.808710 1.000000 1.000000 1.000000
2741.635742 0.000000 792.533691 0.000000 0.949170 0.000000 -0.314765 1.000000 1.000000 1.000000
2743.793945 0.000000 786.847046 0.000000 0.823892 0.000000 -0.566747 1.000000 1.000000 1.000000
2745.109863 0.000000 783.332458 0.000000 0.899704 0.000000 -0.436501 1.000000 1.000000 1.000000
2740.767822 0.000000 787.480469 0.000000 0.997528 0.000000 0.070274 1.000000 1.000000 1.000000
2726.730957 0.000000 791.059937 0.000000 0.959683 0.000000 -0.281084 1.000000 1.000000 1.000000
2751.852539 0.000000 791.304199 0.000000 0.339595 0.000000 -0.940572 1.000000 1.000000 1.000000
2745.617676 0.000000 784.699463 0.000000 0.995524 0.000000 -0.094505 1.000000 1.000000 1.000000
2742.463379 0.000000 784.208496 0.000000 0.790047 0.000000 0.613046 1.000000 1.000000 1.000000
2726.038086 0.000000 792.773010 0.000000 0.512354 0.000000 0.858774 1.000000 1.000000 1.000000
2744.575195 0.000000 785.886169 0.000000 0.934272 0.000000 0.356561 1.000000 1.000000 1.000000
2749.053223 0.000000 794.016052 0.000000 0.167073 0.000000 -0.985945 1.000000 1.000000 1.000000
2773.069336 0.000000 764.553223 0.000000 0.857827 0.000000 -0.513938 1.000000 1.000000 1.000000
2771.838867 0.000000 751.702759 0.000000 0.799221 0.000000 -0.601037 1.000000 1.000000 1.000000
2777.883789 0.000000 758.276978 0.000000 0.918585 0.000000 -0.395224 1.000000 1.000000 1.000000
2776.421387 0.000000 756.141357 0.000000 0.813957 0.000000 -0.580925 1.000000 1.000000 1.000000
2774.596436 0.000000 759.107300 0.000000 0.081387 0.000000 0.996683 1.000000 1.000000 1.000000
3152.321045 0.000000 555.377441 0.000000 0.544761 0.000000 -0.838591 1.000000 1.000000 1.000000
3182.907471 0.000000 558.974915 0.000000 0.999531 0.000000 -0.030634 1.000000 1.000000 1.000000
3142.783691 0.000000 571.881592 0.000000 0.380129 0.000000 0.924934 1.000000 1.000000 1.000000
3168.116943 0.000000 548.804443 0.000000 0.411197 0.000000 0.911547 1.000000 1.000000 1.000000
3150.284912 0.000000 552.264587 0.000000 0.984379 0.000000 -0.176064 1.000000 1.000000 1.000000
3172.894287 0.000000 549.686646 0.000000 0.719217 0.000000 0.694786 1.000000 1.000000 1.000000
3179.548340 0.000000 550.577820 0.000000 0.999951 0.000000 -0.009900 1.000000 1.000000 1.000000
3145.841309 0.000000 571.917542 0.000000 0.841555 0.000000 0.540171 1.000000 1.000000 1.000000
3144.526855 0.000000 549.482544 0.000000 0.789959 0.000000 0.613159 1.000000 1.000000 1.000000
3142.760010 0.000000 568.998657 0.000000 0.667527 0.000000 0.744585 1.000000 1.000000 1.000000
3137.999023 0.000000 552.784241 0.000000 0.892579 0.000000 -0.450892 1.000000 1.000000 1.000000
3178.093018 0.000000 552.508240 0.000000 0.851627 0.000000 0.524149 1.000000 1.000000 1.000000
3134.708984 0.000000 553.737183 0.000000 0.806866 0.000000 -0.590734 1.000000 1.000000 1.000000
3192.961182 0.000000 543.917358 0.000000 0.897478 0.000000 0.441059 1.000000 1.000000 1.000000
3194.797852 0.000000 547.428589 0.000000 0.992669 0.000000 -0.120865 1.000000 1.000000 1.000000
2746.120361 0.000000 841.527466 0.000000 0.802467 0.000000 0.596696 1.000000 1.000000 1.000000
2753.409180 0.000000 836.052002 0.000000 0.174616 0.000000 -0.984637 1.000000 1.000000 1.000000
2751.457275 0.000000 837.461365 0.000000 0.523954 0.000000 -0.851746 1.000000 1.000000 1.000000
2749.450684 0.000000 838.156616 0.000000 0.956951 0.000000 0.290250 1.000000 1.000000 1.000000
4734.210449 0.000000 1661.345947 0.000000 0.978467 0.000000 0.206405 1.000000 1.000000 1.000000
4736.909180 0.000000 1697.009399 0.000000 0.998842 0.000000 -0.048111 1.000000 1.000000 1.000000
4717.047363 0.000000 1660.024780 0.000000 0.999654 0.000000 -0.026296 1.000000 1.000000 1.000000
4743.551758 0.000000 1714.424561 0.000000 0.830389 0.000000 -0.557185 1.000000 1.000000 1.000000
4704.326172 0.000000 1726.579834 0.000000 0.922313 0.000000 0.386443 1.000000 1.000000 1.000000
4724.997070 0.000000 1710.215820 0.000000 0.925670 0.000000 0.378332 1.000000 1.000000 1.000000
4737.696289 0.000000 1699.784424 0.000000 0.612375 0.000000 0.790567 1.000000 1.000000 1.000000
4733.742188 0.000000 1817.461304 0.000000 0.733518 0.000000 -0.679669 1.000000 1.000000 1.000000
4731.218750 0.000000 1813.490845 0.000000 0.977223 0.000000 0.212214 1.000000 1.000000 1.000000
4727.472656 0.000000 1805.840210 0.000000 0.330864 0.000000 0.943678 1.000000 1.000000 1.000000
"}
object={
	name="tree_cypress_01_generator_1_2"
	clamp_to_water_level=no
	render_under_water=no
	generated_content=yes
	layer="tree_high_layer"
	pdxmesh="tree_cypress_01_c_mesh"
	count=142
	transform="2655.071045 0.000000 530.180786 0.000000 0.255908 0.000000 0.966701 1.000000 1.000000 1.000000
2661.863281 0.000000 526.730957 0.000000 0.531333 0.000000 0.847163 1.000000 1.000000 1.000000
2652.563965 0.000000 531.808533 0.000000 0.267201 0.000000 0.963641 1.000000 1.000000 1.000000
2658.014648 0.000000 531.058960 0.000000 0.238555 0.000000 -0.971129 1.000000 1.000000 1.000000
2649.907715 0.000000 538.787598 0.000000 0.332438 0.000000 -0.943125 1.000000 1.000000 1.000000
2667.028076 0.000000 535.354431 0.000000 0.181593 0.000000 0.983374 1.000000 1.000000 1.000000
2653.389893 0.000000 533.104858 0.000000 0.788463 0.000000 0.615083 1.000000 1.000000 1.000000
2651.352539 0.000000 532.405701 0.000000 0.187370 0.000000 0.982289 1.000000 1.000000 1.000000
2659.617432 0.000000 531.418091 0.000000 0.666510 0.000000 -0.745496 1.000000 1.000000 1.000000
2658.350342 0.000000 529.802002 0.000000 0.494838 0.000000 0.868985 1.000000 1.000000 1.000000
2653.016113 0.000000 530.751831 0.000000 0.419253 0.000000 -0.907869 1.000000 1.000000 1.000000
2650.781006 0.000000 535.790649 0.000000 0.954485 0.000000 -0.298260 1.000000 1.000000 1.000000
2645.413818 0.000000 542.059509 0.000000 0.754780 0.000000 -0.655979 1.000000 1.000000 1.000000
2597.735840 0.000000 574.611450 0.000000 0.789017 0.000000 -0.614372 1.000000 1.000000 1.000000
2683.169189 0.000000 597.681274 0.000000 0.741373 0.000000 0.671093 1.000000 1.000000 1.000000
2666.897949 0.000000 607.892944 0.000000 0.248755 0.000000 0.968566 1.000000 1.000000 1.000000
2642.380371 0.000000 551.845276 0.000000 0.139959 0.000000 0.990157 1.000000 1.000000 1.000000
2637.862793 0.000000 565.064758 0.000000 0.507583 0.000000 0.861603 1.000000 1.000000 1.000000
2636.111328 0.000000 568.822021 0.000000 0.852504 0.000000 0.522720 1.000000 1.000000 1.000000
2664.013672 0.000000 610.103943 0.000000 0.857178 0.000000 0.515021 1.000000 1.000000 1.000000
2686.031494 0.000000 570.715271 0.000000 0.138002 0.000000 -0.990432 1.000000 1.000000 1.000000
2686.156738 0.000000 561.747070 0.000000 0.131208 0.000000 0.991355 1.000000 1.000000 1.000000
2636.061279 0.000000 566.457825 0.000000 0.964764 0.000000 -0.263117 1.000000 1.000000 1.000000
2629.088867 0.000000 607.065735 0.000000 0.904069 0.000000 0.427388 1.000000 1.000000 1.000000
2679.029541 0.000000 570.710571 0.000000 0.319894 0.000000 -0.947453 1.000000 1.000000 1.000000
2649.292236 0.000000 578.423523 0.000000 0.701717 0.000000 -0.712456 1.000000 1.000000 1.000000
2637.575195 0.000000 567.814819 0.000000 0.059296 0.000000 -0.998240 1.000000 1.000000 1.000000
2680.506348 0.000000 568.030212 0.000000 0.754703 0.000000 -0.656067 1.000000 1.000000 1.000000
2638.186768 0.000000 563.706177 0.000000 0.909669 0.000000 0.415334 1.000000 1.000000 1.000000
2645.558838 0.000000 543.976990 0.000000 0.711921 0.000000 -0.702260 1.000000 1.000000 1.000000
2622.211182 0.000000 636.526489 0.000000 0.994457 0.000000 -0.105143 1.000000 1.000000 1.000000
2618.250000 0.000000 624.726562 0.000000 0.031937 0.000000 0.999490 1.000000 1.000000 1.000000
2660.238281 0.000000 614.766052 0.000000 0.754932 0.000000 0.655804 1.000000 1.000000 1.000000
2618.664062 0.000000 628.049927 0.000000 0.528589 0.000000 -0.848878 1.000000 1.000000 1.000000
2670.659668 0.000000 675.688232 0.000000 0.971270 0.000000 -0.237979 1.000000 1.000000 1.000000
2661.499023 0.000000 612.563538 0.000000 0.136556 0.000000 -0.990632 1.000000 1.000000 1.000000
2609.208252 0.000000 646.989136 0.000000 0.795398 0.000000 -0.606088 1.000000 1.000000 1.000000
2626.044678 0.000000 629.033691 0.000000 0.989702 0.000000 -0.143142 1.000000 1.000000 1.000000
2628.537598 0.000000 627.670166 0.000000 0.419060 0.000000 -0.907959 1.000000 1.000000 1.000000
2660.143799 0.000000 613.209717 0.000000 0.959101 0.000000 -0.283065 1.000000 1.000000 1.000000
2451.566162 0.000000 685.244507 0.000000 0.030093 0.000000 -0.999547 1.000000 1.000000 1.000000
2449.761963 0.000000 682.756470 0.000000 0.928467 0.000000 -0.371415 1.000000 1.000000 1.000000
2588.614258 0.000000 727.697510 0.000000 0.192766 0.000000 -0.981245 1.000000 1.000000 1.000000
2602.757080 0.000000 713.968445 0.000000 0.433721 0.000000 -0.901047 1.000000 1.000000 1.000000
2582.800537 0.000000 732.597900 0.000000 0.055119 0.000000 -0.998480 1.000000 1.000000 1.000000
2654.515625 0.000000 743.344666 0.000000 0.860110 0.000000 0.510108 1.000000 1.000000 1.000000
2639.688965 0.000000 721.706238 0.000000 0.230097 0.000000 -0.973168 1.000000 1.000000 1.000000
2650.566895 0.000000 715.899170 0.000000 0.446870 0.000000 -0.894599 1.000000 1.000000 1.000000
2617.006348 0.000000 730.975769 0.000000 0.299577 0.000000 0.954072 1.000000 1.000000 1.000000
2666.815918 0.000000 703.876892 0.000000 0.814563 0.000000 0.580075 1.000000 1.000000 1.000000
2655.232422 0.000000 696.158997 0.000000 0.082933 0.000000 0.996555 1.000000 1.000000 1.000000
2612.593262 0.000000 731.879211 0.000000 0.808377 0.000000 -0.588666 1.000000 1.000000 1.000000
2649.894531 0.000000 701.858276 0.000000 0.996655 0.000000 0.081718 1.000000 1.000000 1.000000
2670.605957 0.000000 714.451721 0.000000 0.914778 0.000000 -0.403957 1.000000 1.000000 1.000000
2625.132568 0.000000 714.951416 0.000000 0.103103 0.000000 -0.994671 1.000000 1.000000 1.000000
2621.184570 0.000000 721.158997 0.000000 0.218522 0.000000 -0.975832 1.000000 1.000000 1.000000
2668.941162 0.000000 685.655396 0.000000 0.808515 0.000000 -0.588475 1.000000 1.000000 1.000000
2668.070801 0.000000 712.276733 0.000000 0.376633 0.000000 0.926363 1.000000 1.000000 1.000000
2614.733643 0.000000 728.942749 0.000000 0.068079 0.000000 -0.997680 1.000000 1.000000 1.000000
2667.412109 0.000000 741.256653 0.000000 0.927417 0.000000 -0.374029 1.000000 1.000000 1.000000
2652.735107 0.000000 696.473938 0.000000 0.512391 0.000000 -0.858752 1.000000 1.000000 1.000000
2623.426514 0.000000 684.754761 0.000000 0.940896 0.000000 -0.338696 1.000000 1.000000 1.000000
2650.329346 0.000000 766.170776 0.000000 0.265483 0.000000 -0.964115 1.000000 1.000000 1.000000
2604.029297 0.000000 760.551819 0.000000 0.997003 0.000000 0.077356 1.000000 1.000000 1.000000
2644.357178 0.000000 778.242126 0.000000 0.984900 0.000000 0.173125 1.000000 1.000000 1.000000
2656.267334 0.000000 761.281311 0.000000 0.972704 0.000000 -0.232051 1.000000 1.000000 1.000000
2631.768066 0.000000 769.241699 0.000000 0.993348 0.000000 0.115150 1.000000 1.000000 1.000000
2715.687988 0.000000 517.935974 0.000000 0.471825 0.000000 0.881692 1.000000 1.000000 1.000000
2727.347656 0.000000 520.700317 0.000000 0.980002 0.000000 0.198986 1.000000 1.000000 1.000000
2716.918213 0.000000 535.610352 0.000000 0.613559 0.000000 -0.789649 1.000000 1.000000 1.000000
2723.005615 0.000000 521.276489 0.000000 0.998358 0.000000 -0.057283 1.000000 1.000000 1.000000
2724.429932 0.000000 521.225586 0.000000 0.681796 0.000000 0.731542 1.000000 1.000000 1.000000
3174.736816 0.000000 478.391510 0.000000 0.678672 0.000000 0.734442 1.000000 1.000000 1.000000
3186.965576 0.000000 518.213074 0.000000 0.456301 0.000000 0.889825 1.000000 1.000000 1.000000
3180.225586 0.000000 515.613586 0.000000 0.342340 0.000000 0.939576 1.000000 1.000000 1.000000
3209.248779 0.000000 510.724243 0.000000 0.839222 0.000000 -0.543789 1.000000 1.000000 1.000000
3218.077393 0.000000 506.628906 0.000000 0.657829 0.000000 0.753167 1.000000 1.000000 1.000000
3207.297852 0.000000 511.601227 0.000000 0.719360 0.000000 0.694637 1.000000 1.000000 1.000000
2717.859619 0.000000 565.705688 0.000000 0.516101 0.000000 -0.856528 1.000000 1.000000 1.000000
2689.077148 0.000000 560.600098 0.000000 0.999212 0.000000 -0.039691 1.000000 1.000000 1.000000
2738.812500 0.000000 566.201660 0.000000 0.895127 0.000000 0.445810 1.000000 1.000000 1.000000
2731.833496 0.000000 606.580688 0.000000 0.987296 0.000000 -0.158890 1.000000 1.000000 1.000000
2735.354004 0.000000 558.333862 0.000000 0.387022 0.000000 -0.922070 1.000000 1.000000 1.000000
2725.218262 0.000000 601.784119 0.000000 0.915565 0.000000 0.402170 1.000000 1.000000 1.000000
2731.330322 0.000000 558.626648 0.000000 0.608295 0.000000 0.793711 1.000000 1.000000 1.000000
2727.882324 0.000000 592.767822 0.000000 0.890370 0.000000 -0.455238 1.000000 1.000000 1.000000
2725.374756 0.000000 554.302368 0.000000 0.111891 0.000000 -0.993720 1.000000 1.000000 1.000000
2728.029541 0.000000 561.224731 0.000000 0.371250 0.000000 0.928533 1.000000 1.000000 1.000000
2736.727295 0.000000 560.505188 0.000000 0.471465 0.000000 -0.881885 1.000000 1.000000 1.000000
2764.581543 0.000000 576.452759 0.000000 0.016904 0.000000 -0.999857 1.000000 1.000000 1.000000
2727.620850 0.000000 572.482361 0.000000 0.036038 0.000000 -0.999350 1.000000 1.000000 1.000000
2723.327881 0.000000 558.051880 0.000000 0.271191 0.000000 -0.962526 1.000000 1.000000 1.000000
2772.505859 0.000000 570.845520 0.000000 0.927408 0.000000 -0.374050 1.000000 1.000000 1.000000
2740.152344 0.000000 613.017761 0.000000 0.999481 0.000000 -0.032205 1.000000 1.000000 1.000000
2737.289795 0.000000 642.767212 0.000000 1.000000 0.000000 -0.000325 1.000000 1.000000 1.000000
2698.390625 0.000000 658.050232 0.000000 0.673273 0.000000 0.739394 1.000000 1.000000 1.000000
2761.295654 0.000000 665.046326 0.000000 0.677163 0.000000 -0.735833 1.000000 1.000000 1.000000
2763.605957 0.000000 661.657898 0.000000 0.922873 0.000000 -0.385105 1.000000 1.000000 1.000000
2698.627930 0.000000 654.489502 0.000000 0.484482 0.000000 -0.874801 1.000000 1.000000 1.000000
2718.834229 0.000000 630.394653 0.000000 0.919091 0.000000 0.394044 1.000000 1.000000 1.000000
2728.029541 0.000000 629.209106 0.000000 0.391057 0.000000 -0.920367 1.000000 1.000000 1.000000
2733.377197 0.000000 627.946045 0.000000 0.049532 0.000000 0.998773 1.000000 1.000000 1.000000
2762.642578 0.000000 665.769287 0.000000 0.914438 0.000000 0.404727 1.000000 1.000000 1.000000
2741.620850 0.000000 612.785828 0.000000 0.695339 0.000000 -0.718682 1.000000 1.000000 1.000000
2687.846680 0.000000 683.718384 0.000000 0.106037 0.000000 -0.994362 1.000000 1.000000 1.000000
2791.898926 0.000000 744.654785 0.000000 0.534604 0.000000 -0.845103 1.000000 1.000000 1.000000
2780.906250 0.000000 730.003845 0.000000 0.581161 0.000000 0.813789 1.000000 1.000000 1.000000
2785.819824 0.000000 698.976135 0.000000 0.448132 0.000000 -0.893967 1.000000 1.000000 1.000000
2771.232910 0.000000 768.034363 0.000000 0.376395 0.000000 0.926459 1.000000 1.000000 1.000000
2741.367188 0.000000 774.810547 0.000000 0.968565 0.000000 0.248761 1.000000 1.000000 1.000000
2757.335205 0.000000 785.049561 0.000000 0.916692 0.000000 0.399593 1.000000 1.000000 1.000000
2751.024658 0.000000 783.496216 0.000000 0.555931 0.000000 0.831229 1.000000 1.000000 1.000000
2740.467773 0.000000 785.685852 0.000000 0.332732 0.000000 0.943021 1.000000 1.000000 1.000000
2736.115234 0.000000 796.784485 0.000000 0.479522 0.000000 0.877530 1.000000 1.000000 1.000000
2750.112305 0.000000 777.652771 0.000000 0.997237 0.000000 0.074285 1.000000 1.000000 1.000000
2742.558350 0.000000 771.085938 0.000000 0.235650 0.000000 -0.971838 1.000000 1.000000 1.000000
2743.812744 0.000000 784.919067 0.000000 0.973663 0.000000 -0.227992 1.000000 1.000000 1.000000
2752.509033 0.000000 792.695496 0.000000 0.062214 0.000000 -0.998063 1.000000 1.000000 1.000000
2750.535645 0.000000 792.045654 0.000000 0.758787 0.000000 0.651339 1.000000 1.000000 1.000000
2736.024658 0.000000 794.707947 0.000000 0.333892 0.000000 -0.942611 1.000000 1.000000 1.000000
2750.256592 0.000000 779.516174 0.000000 0.331272 0.000000 0.943535 1.000000 1.000000 1.000000
2759.008789 0.000000 775.952332 0.000000 0.977612 0.000000 0.210414 1.000000 1.000000 1.000000
2751.254395 0.000000 793.185242 0.000000 0.887182 0.000000 0.461419 1.000000 1.000000 1.000000
2758.138428 0.000000 775.071045 0.000000 0.968787 0.000000 -0.247894 1.000000 1.000000 1.000000
2773.873291 0.000000 756.716858 0.000000 0.938955 0.000000 -0.344041 1.000000 1.000000 1.000000
2773.000244 0.000000 747.870483 0.000000 0.951843 0.000000 -0.306587 1.000000 1.000000 1.000000
2789.260010 0.000000 747.871155 0.000000 0.004026 0.000000 0.999992 1.000000 1.000000 1.000000
2772.634277 0.000000 749.860168 0.000000 0.983300 0.000000 -0.181995 1.000000 1.000000 1.000000
3145.092285 0.000000 567.784180 0.000000 0.521296 0.000000 0.853376 1.000000 1.000000 1.000000
3140.064453 0.000000 568.822021 0.000000 0.228465 0.000000 -0.973552 1.000000 1.000000 1.000000
3128.628418 0.000000 549.193970 0.000000 0.235621 0.000000 -0.971845 1.000000 1.000000 1.000000
3167.714111 0.000000 551.401550 0.000000 0.836950 0.000000 0.547279 1.000000 1.000000 1.000000
3156.688232 0.000000 560.505188 0.000000 0.931850 0.000000 0.362844 1.000000 1.000000 1.000000
3179.830566 0.000000 552.227966 0.000000 0.932369 0.000000 0.361509 1.000000 1.000000 1.000000
4709.069824 0.000000 1689.809692 0.000000 0.375277 0.000000 0.926913 1.000000 1.000000 1.000000
4735.563477 0.000000 1668.156616 0.000000 0.991895 0.000000 -0.127061 1.000000 1.000000 1.000000
4737.020508 0.000000 1691.544922 0.000000 0.987296 0.000000 -0.158894 1.000000 1.000000 1.000000
4739.068848 0.000000 1694.271484 0.000000 0.923031 0.000000 0.384726 1.000000 1.000000 1.000000
4708.672852 0.000000 1725.611938 0.000000 0.958385 0.000000 0.285480 1.000000 1.000000 1.000000
4724.981934 0.000000 1822.139160 0.000000 0.999891 0.000000 -0.014749 1.000000 1.000000 1.000000
4728.438477 0.000000 1825.648438 0.000000 0.773923 0.000000 0.633279 1.000000 1.000000 1.000000
4721.107910 0.000000 1802.427368 0.000000 0.122379 0.000000 0.992483 1.000000 1.000000 1.000000
"}
